id,label
1,1.0
2,0.51931083
3,5.9604645e-08
4,1.0
5,0.9988003
6,0.9999943
7,0.999683
8,1.0
9,0.00042173266
10,0.29591858
11,0.0
12,0.9974499
13,0.0
14,0.9994588
15,0.037386417
16,1.1652708e-05
17,1.5199184e-06
18,0.9789761
19,0.0
20,5.13196e-05
21,0.97181237
22,1.0
23,0.9999999
24,0.0
25,1.9043684e-05
26,0.0
27,1.0
28,1.0
29,1.0
30,0.9999997
31,1.0
32,0.9760313
33,1.0
34,0.06327072
35,0.9996561
36,0.9999916
37,1.0
38,1.0
39,4.8339367e-05
40,8.940697e-08
41,0.006070882
42,0.2935426
43,1.0
44,0.0
45,1.0
46,0.761084
47,0.0
48,0.97999465
49,0.99658597
50,1.0
51,1.0
52,0.99999976
53,1.0
54,0.0
55,0.9988495
56,0.9978739
57,1.0
58,0.019402504
59,3.5762787e-07
60,0.99961865
61,0.0
62,0.0
63,1.0
64,0.59077525
65,0.9512534
66,0.9995891
67,0.9999776
68,0.99998724
69,1.0
70,0.8693388
71,0.996101
72,0.009260893
73,1.0
74,1.0
75,0.00023332238
76,1.9341707e-05
77,2.592802e-06
78,0.99999905
79,0.0
80,3.5762787e-06
81,7.748604e-07
82,1.1920929e-07
83,0.15102127
84,1.0
85,0.9999936
86,1.180172e-05
87,0.99999905
88,6.198883e-06
89,0.0004479289
90,6.765127e-06
91,0.9677707
92,1.0
93,0.9897437
94,1.0
95,0.96851236
96,0.9812463
97,2.9802322e-08
98,2.3841858e-06
99,2.413988e-06
100,1.296401e-05
101,0.99998975
102,1.0
103,0.9995146
104,0.9696953
105,1.0
106,0.9999993
107,0.9999993
108,0.0071721077
109,0.0
110,9.328127e-06
111,1.0
112,5.9604645e-07
113,1.0
114,0.0
115,4.1633844e-05
116,1.0
117,0.9965248
118,4.7385693e-06
119,0.9784181
120,1.0
121,0.0075490773
122,0.0
123,1.0
124,0.6520452
125,1.0
126,1.0
127,1.0
128,1.0
129,9.3877316e-05
130,1.0
131,2.026558e-05
132,2.3841858e-07
133,0.0003516972
134,0.99995863
135,0.4530304
136,1.0
137,0.9276991
138,0.54436105
139,0.0
140,0.9999969
141,0.99999976
142,1.3053417e-05
143,0.050314307
144,8.940697e-08
145,0.99995327
146,0.000118136406
147,0.9960937
148,6.7055225e-06
149,0.0006471276
150,0.9999993
151,0.9999999
152,4.6789646e-06
153,5.492568e-05
154,0.0
155,1.0
156,1.0
157,1.0
158,0.9902607
159,1.0
160,0.45108286
161,1.1026859e-06
162,0.009836674
163,1.0
164,1.0
165,0.0
166,1.0
167,0.00010547042
168,0.99999994
169,1.0
170,0.92033345
171,0.0
172,7.3611736e-06
173,0.9802478
174,1.0
175,8.940697e-08
176,0.0
177,0.0
178,0.9833344
179,0.0
180,1.4901161e-07
181,0.5276101
182,1.0
183,2.9802322e-08
184,0.9999964
185,1.0
186,0.0
187,0.9987058
188,0.0
189,0.00092691183
190,0.0049375296
191,0.31593084
192,1.0
193,3.0100346e-06
194,0.00038790703
195,0.99984163
196,0.0
197,1.0
198,0.03009823
199,0.0019825995
200,1.0
201,0.9842497
202,0.9996026
203,0.0
204,0.0
205,0.9999999
206,0.99874234
207,0.9999746
208,4.172325e-06
209,0.9984704
210,0.0
211,0.0
212,0.0
213,0.00040975213
214,1.0
215,1.0
216,1.0
217,0.99999225
218,0.99998593
219,4.142523e-06
220,0.00059846044
221,0.99983335
222,0.9999999
223,1.0
224,4.172325e-07
225,0.9904312
226,1.0
227,0.99995667
228,1.0
229,0.0024823844
230,0.0
231,0.0
232,0.9921697
233,1.0
234,0.9989984
235,0.0010376573
236,0.0
237,1.4901161e-07
238,1.0
239,2.3841858e-07
240,0.9607553
241,1.0
242,1.0
243,0.0
244,0.98816085
245,2.8312206e-05
246,0.7559676
247,0.9999658
248,0.0
249,0.99999976
250,1.0
251,0.9237329
252,0.00037792325
253,0.9977648
254,9.262562e-05
255,1.0
256,0.9999243
257,0.31231257
258,0.15162578
259,0.0017148852
260,0.0
261,0.9999743
262,1.0
263,0.053008586
264,0.98379004
265,4.9471855e-06
266,0.0
267,2.9802322e-08
268,0.23006377
269,0.005242139
270,1.5854836e-05
271,1.0
272,3.874302e-07
273,2.0861626e-07
274,0.00017696619
275,0.99828184
276,0.043049484
277,0.0015071034
278,1.0
279,7.748604e-06
280,5.9604645e-08
281,0.6853695
282,0.99999875
283,1.0
284,0.998944
285,0.9999634
286,1.0
287,0.000102579594
288,0.012744993
289,0.9999899
290,1.0
291,1.0
292,0.021817744
293,1.0
294,0.99814105
295,1.0
296,1.0
297,0.9999999
298,0.99851084
299,0.0013819039
300,2.4467707e-05
301,0.0
302,1.0
303,5.9604645e-08
304,0.0003105104
305,1.0
306,0.12609103
307,1.0
308,0.9999509
309,0.99962425
310,0.27979314
311,1.4901161e-07
312,0.99999994
313,0.9286022
314,9.536743e-07
315,0.14556256
316,6.4730644e-05
317,0.0
318,0.9999995
319,0.037731558
320,0.99714446
321,1.0
322,0.996204
323,0.016894013
324,0.9999974
325,1.2755394e-05
326,1.0
327,0.0080809295
328,0.9999406
329,0.00018939376
330,0.0011069477
331,0.0
332,0.0
333,0.96640706
334,0.0012411475
335,1.0
336,0.034725904
337,0.9888136
338,1.3887882e-05
339,8.046627e-07
340,1.0
341,1.0
342,8.031726e-05
343,0.99990284
344,0.0
345,1.0
346,0.96432906
347,0.99999994
348,1.0
349,1.0
350,2.6881695e-05
351,0.0
352,0.9988639
353,0.9999999
354,0.0
355,0.18063277
356,0.94703436
357,1.0
358,0.9998127
359,0.99999213
360,0.99999976
361,4.0113926e-05
362,0.9828932
363,1.0
364,0.9997269
365,0.9999999
366,1.0
367,0.74148977
368,0.99980223
369,1.0
370,1.7881393e-06
371,1.0
372,1.0
373,2.9802322e-08
374,1.4424324e-05
375,0.023802638
376,0.0
377,0.09637049
378,0.99621505
379,8.940697e-08
380,1.1920929e-07
381,1.0
382,0.9998312
383,1.66893e-05
384,0.31195393
385,0.032806218
386,1.1742115e-05
387,0.99948394
388,1.0
389,1.0
390,0.9538461
391,5.662441e-07
392,0.9999995
393,0.99999946
394,1.3709068e-06
395,1.0
396,0.99998134
397,3.3468008e-05
398,1.0
399,0.9999175
400,5.9604645e-08
401,2.9802322e-07
402,1.0
403,0.0
404,0.87068
405,1.0
406,0.0010502338
407,1.0
408,0.78589153
409,0.8200101
410,1.0
411,0.0077912807
412,0.0028421283
413,0.9999999
414,0.0
415,2.7030706e-05
416,0.0190759
417,0.0096488595
418,0.0
419,1.04904175e-05
420,1.0
421,1.0
422,0.9994355
423,0.97492146
424,0.0009953976
425,0.0
426,0.050620347
427,0.013196707
428,0.2522793
429,1.0
430,0.98193896
431,2.0444393e-05
432,0.0
433,0.0022841096
434,1.0
435,0.0
436,1.4901161e-07
437,0.0
438,1.7881393e-07
439,1.0
440,0.99994075
441,1.0
442,0.0
443,0.71376085
444,0.9999995
445,0.0
446,0.3589302
447,0.79222035
448,6.2584877e-07
449,0.016223818
450,0.9996433
451,0.9999713
452,0.084833086
453,1.7881393e-07
454,0.94125056
455,1.0
456,0.22707644
457,0.0
458,0.44777015
459,0.9999928
460,1.0
461,1.0
462,1.0
463,1.0
464,0.99999934
465,0.9996785
466,0.9999527
467,0.0
468,1.0
469,0.0
470,0.4736727
471,0.9701134
472,0.9929968
473,1.0
474,1.0
475,1.0
476,1.0
477,0.002287507
478,1.0
479,0.005791813
480,0.98073614
481,1.0
482,9.834766e-06
483,0.0012275577
484,0.9999876
485,1.1324883e-06
486,0.9747972
487,0.0005353093
488,1.0
489,1.0
490,0.0
491,0.2770035
492,0.00034213066
493,0.0017848015
494,0.83684266
495,0.9995454
496,0.9999911
497,1.0
498,0.95741045
499,1.0
500,0.9262924
501,0.14918432
502,0.42599368
503,0.01317358
504,1.66893e-06
505,0.999992
506,0.675433
507,0.0
508,0.7854331
509,0.006172657
510,4.118681e-05
511,1.3560057e-05
512,1.0
513,0.89427567
514,0.5486576
515,0.0
516,0.0061971545
517,0.0
518,0.2970218
519,0.0
520,0.0015776753
521,1.168251e-05
522,0.18447652
523,1.0
524,0.18174744
525,0.0
526,1.6719103e-05
527,1.0
528,1.0
529,1.0
530,0.059940577
531,1.0
532,0.00020492077
533,1.0
534,6.854534e-07
535,0.61825585
536,0.95930207
537,1.0
538,0.0048203766
539,0.019905746
540,0.4923566
541,0.5816496
542,0.9999989
543,1.0
544,0.0
545,0.0
546,1.0
547,0.99838495
548,0.6327706
549,1.0
550,1.0
551,0.0
552,0.0
553,0.27604163
554,1.013279e-06
555,0.9999987
556,0.21353295
557,1.1622906e-06
558,0.013947099
559,1.4305115e-06
560,2.4735928e-06
561,0.0
562,1.0
563,0.9740522
564,0.9999976
565,0.99998796
566,4.4703484e-07
567,0.9999999
568,1.1920929e-07
569,0.026155025
570,0.9580426
571,0.0
572,0.9945483
573,1.0
574,4.5746565e-05
575,7.456541e-05
576,0.9999999
577,0.339114
578,2.9802322e-08
579,0.81685114
580,0.0
581,0.99999976
582,1.0
583,0.16842777
584,0.0
585,1.0
586,0.9995574
587,0.0
588,0.7689897
589,0.72182053
590,0.24380681
591,0.9999859
592,0.0
593,0.005214721
594,0.99597114
595,1.0
596,0.9999949
597,3.2782555e-07
598,0.040216
599,1.0
600,0.00052565336
601,0.00032395124
602,0.96999574
603,0.006897986
604,4.5001507e-06
605,1.0
606,0.38395128
607,1.0
608,0.99999744
609,6.1541796e-05
610,1.0
611,0.9756869
612,0.99999946
613,0.01719287
614,0.0
615,0.0
616,0.9999964
617,1.0
618,1.0
619,1.0
620,0.0
621,0.001065582
622,0.00017684698
623,1.0
624,0.33120763
625,0.00023272634
626,0.999676
627,0.003371358
628,0.0
629,1.0
630,0.98893976
631,1.0
632,0.4132341
633,0.9999988
634,0.9904669
635,0.0004811585
636,0.9821722
637,1.0
638,1.0
639,1.0
640,0.0
641,1.0
642,0.986871
643,0.0034698844
644,0.9986853
645,0.91570795
646,1.1920929e-06
647,1.0
648,0.99999976
649,0.0003836453
650,0.9805249
651,1.0
652,1.0
653,1.0
654,0.027040988
655,0.9999995
656,0.08079034
657,0.0008032322
658,1.0
659,1.0
660,0.0
661,0.0
662,1.0
663,1.0
664,0.0
665,1.1920929e-07
666,7.748604e-07
667,3.451109e-05
668,0.07016075
669,0.9986229
670,0.0004335642
671,0.6923024
672,1.0
673,1.1920929e-07
674,0.026262403
675,0.99999994
676,0.27449256
677,0.0
678,0.9990926
679,0.9996989
680,0.5093454
681,0.008389771
682,0.0
683,1.2516975e-05
684,3.874302e-07
685,0.9772625
686,0.0025244355
687,0.1167618
688,0.99999976
689,0.029889584
690,0.9999999
691,1.0
692,0.9999952
693,1.0
694,0.00013270974
695,0.9999998
696,1.0
697,0.9999888
698,0.9959451
699,0.9673759
700,5.0514936e-05
701,1.0
702,0.0
703,1.0
704,0.39624488
705,0.00087314844
706,0.23392531
707,9.536743e-07
708,0.9999919
709,0.99999666
710,2.0861626e-06
711,0.99541473
712,1.0
713,4.7326088e-05
714,0.0
715,2.9802322e-07
716,0.99998856
717,0.11409503
718,0.007688701
719,0.0
720,1.0
721,1.0
722,0.08642551
723,5.066395e-07
724,0.9985037
725,0.99794126
726,0.016498178
727,0.99998367
728,0.00081446767
729,1.0
730,0.05725205
731,0.03707367
732,0.99999994
733,0.9994793
734,8.404255e-06
735,0.0
736,0.30343616
737,0.99999213
738,0.99999976
739,0.9999256
740,0.04856807
741,1.0
742,3.6656857e-06
743,0.0
744,3.5762787e-06
745,0.99999905
746,0.9990114
747,0.9971365
748,4.261732e-06
749,1.0
750,0.9999992
751,0.0
752,0.0
753,0.99850506
754,0.9999657
755,1.0
756,0.99963987
757,2.3841858e-07
758,0.0
759,0.9981897
760,0.9050696
761,0.0039925575
762,7.748604e-07
763,0.039786577
764,1.0
765,8.6426735e-07
766,0.0
767,0.99625623
768,6.2584877e-07
769,0.020347714
770,0.08344498
771,0.00041252375
772,1.0
773,0.0
774,0.9950216
775,0.9999744
776,1.0
777,3.874302e-07
778,0.5446102
779,0.0013350248
780,3.874302e-07
781,0.9999971
782,0.9999993
783,1.0
784,0.7992399
785,1.0
786,0.042036682
787,1.0
788,0.9891623
789,5.9604645e-08
790,0.009254545
791,0.015514672
792,0.8433886
793,1.0
794,0.99999833
795,1.0
796,0.0
797,2.2351742e-05
798,0.0018551052
799,0.0
800,0.99999917
801,0.00996834
802,0.00055375695
803,0.0
804,0.0
805,0.7774209
806,0.9687297
807,0.0
808,0.0032035708
809,1.0
810,1.1354685e-05
811,1.0
812,0.022904515
813,0.0053171813
814,0.9986552
815,0.27823406
816,0.73389256
817,1.0
818,1.0
819,0.9996456
820,0.008710265
821,0.3503117
822,1.0
823,1.4901161e-07
824,0.9365968
825,4.0888786e-05
826,0.05351594
827,1.0
828,0.99999976
829,0.011061072
830,2.9802322e-08
831,0.0
832,0.99999976
833,0.99997413
834,1.0
835,0.9785281
836,0.9160597
837,5.0991774e-05
838,0.9999995
839,1.0
840,0.41358566
841,1.0
842,0.0
843,0.0048476756
844,8.314848e-06
845,0.9958756
846,1.0
847,0.044131994
848,0.00024291873
849,0.0
850,1.0
851,0.0
852,0.0
853,2.682209e-07
854,0.00022575259
855,0.9999999
856,1.9341707e-05
857,3.412366e-05
858,1.0
859,4.2170286e-05
860,0.9998555
861,7.280707e-05
862,0.99999523
863,5.4329634e-05
864,0.9999403
865,0.0029473007
866,1.0
867,0.0
868,2.4139881e-05
869,0.9933892
870,0.0
871,0.0
872,0.6595578
873,0.9999989
874,1.0
875,1.0
876,0.003240645
877,1.0
878,1.0
879,0.9984717
880,0.99996835
881,0.0
882,1.0
883,0.96838623
884,1.0
885,0.0
886,0.00013840199
887,0.73006916
888,0.9998723
889,2.0861626e-07
890,0.0011066496
891,0.0
892,1.0
893,0.9999999
894,1.0
895,7.390976e-06
896,1.2814999e-06
897,0.99999976
898,2.5421381e-05
899,1.2308359e-05
900,0.0003193915
901,1.0
902,5.9604645e-07
903,0.68133384
904,0.0
905,1.0
906,0.110139966
907,6.2584877e-07
908,1.0
909,0.0
910,3.784895e-06
911,1.0
912,0.9999963
913,0.21601936
914,0.99982953
915,0.026146114
916,0.41507742
917,0.9984533
918,1.7881393e-07
919,1.0
920,1.1920929e-07
921,0.00091317296
922,0.0
923,1.3113022e-06
924,1.0
925,0.04575509
926,0.01944226
927,0.0
928,5.4478645e-05
929,0.9999999
930,0.0
931,0.7787405
932,1.0
933,0.98669887
934,0.9999859
935,1.0
936,1.0
937,0.9999962
938,0.00036087632
939,0.99490905
940,0.6278487
941,0.97310156
942,0.0011732876
943,0.9999999
944,0.00018191338
945,0.0
946,1.0
947,0.99999994
948,0.0
949,0.50988156
950,1.0
951,0.95795774
952,0.77122897
953,3.451109e-05
954,1.0
955,0.99994606
956,0.026868492
957,1.9967556e-06
958,1.3440847e-05
959,0.9999908
960,0.00034463406
961,0.9666402
962,1.0
963,0.98977876
964,0.0
965,0.0
966,0.0
967,2.9802322e-08
968,4.4703484e-07
969,0.99999857
970,0.0
971,0.0
972,0.0012560189
973,0.9805331
974,0.04581231
975,4.8816204e-05
976,1.0
977,8.940697e-08
978,6.8843365e-06
979,0.99970174
980,0.0
981,0.21360952
982,1.0
983,1.0
984,0.0
985,1.4901161e-07
986,0.064970315
987,1.0
988,0.36724538
989,9.3877316e-05
990,0.9999998
991,2.2262335e-05
992,0.99489063
993,0.00028195977
994,0.000677526
995,1.129508e-05
996,0.8257409
997,0.9800667
998,0.99616045
999,1.0
1000,0.0
1001,1.0
1002,1.0
1003,0.01649803
1004,0.0
1005,1.0
1006,0.99999666
1007,0.0
1008,0.13657469
1009,0.0
1010,0.0
1011,0.6114074
1012,0.99971974
1013,0.097875506
1014,1.0
1015,1.0
1016,0.94680715
1017,0.9987594
1018,0.0
1019,1.4305115e-06
1020,0.9935982
1021,0.0
1022,0.058788955
1023,0.99991703
1024,0.00043457747
1025,1.0
1026,1.0
1027,0.032131582
1028,0.0
1029,1.0
1030,0.89569914
1031,1.0
1032,0.999943
1033,0.04659131
1034,0.0
1035,0.9997982
1036,0.9918703
1037,0.9999045
1038,0.9999968
1039,1.4007092e-06
1040,0.0007670522
1041,0.25863165
1042,0.0
1043,0.98153436
1044,0.9999509
1045,0.24569112
1046,1.3202429e-05
1047,0.7995274
1048,6.556511e-07
1049,0.84070504
1050,0.014684886
1051,0.39737207
1052,0.99996835
1053,0.011821032
1054,0.0
1055,1.4841557e-05
1056,0.8886241
1057,1.0
1058,0.7897233
1059,0.9974738
1060,1.0
1061,0.0
1062,0.041573018
1063,0.0
1064,1.0
1065,1.0
1066,1.0
1067,0.0
1068,1.0
1069,0.0004352033
1070,0.10146636
1071,0.9890392
1072,0.029790431
1073,1.0
1074,0.3580231
1075,1.0
1076,0.0014507174
1077,0.99999976
1078,5.596876e-05
1079,1.7881393e-07
1080,0.0
1081,1.0
1082,0.9999886
1083,0.0
1084,1.0
1085,4.4703484e-06
1086,0.0
1087,0.9999498
1088,0.12156886
1089,1.4901161e-07
1090,0.9262589
1091,0.0
1092,0.21509287
1093,2.9802322e-08
1094,0.99991727
1095,8.940697e-08
1096,0.003173381
1097,1.3619661e-05
1098,0.9999154
1099,0.0
1100,0.9852721
1101,1.0
1102,0.9963544
1103,0.99993825
1104,1.0
1105,0.9995908
1106,0.9832772
1107,0.022954464
1108,0.9266161
1109,9.894371e-06
1110,0.06772378
1111,1.1920929e-07
1112,0.0
1113,0.9999387
1114,0.7147501
1115,0.9999993
1116,0.88248193
1117,1.0
1118,0.00029084086
1119,0.00017812848
1120,5.9753656e-05
1121,0.9900658
1122,1.0
1123,1.0
1124,0.44504106
1125,0.013006002
1126,0.7007721
1127,0.7595657
1128,0.0
1129,0.013082832
1130,0.0
1131,0.0006469786
1132,7.4505806e-06
1133,0.99999386
1134,0.99997175
1135,1.3411045e-06
1136,2.0861626e-07
1137,0.0033242404
1138,1.0
1139,9.298325e-06
1140,0.97778153
1141,0.96973073
1142,1.0
1143,1.0
1144,0.0016542971
1145,0.9999999
1146,0.0017580092
1147,1.0
1148,1.0
1149,0.0
1150,1.0
1151,0.0
1152,0.999886
1153,1.0
1154,0.9999999
1155,1.0
1156,0.000106304884
1157,1.0
1158,1.5199184e-06
1159,1.0
1160,0.9994976
1161,9.536743e-07
1162,1.0
1163,1.0
1164,0.0
1165,0.0
1166,0.00036382675
1167,0.6420297
1168,0.17141044
1169,0.9998617
1170,0.8244443
1171,0.0055914223
1172,0.0
1173,1.0
1174,6.2584877e-07
1175,0.9958669
1176,0.0
1177,0.99996805
1178,0.002153039
1179,1.0
1180,0.49544814
1181,0.0025538802
1182,0.0
1183,0.977587
1184,0.04049614
1185,0.054503173
1186,0.0
1187,0.99928665
1188,0.99567974
1189,0.0
1190,0.93255305
1191,0.0
1192,2.9802322e-08
1193,0.0
1194,0.9949186
1195,0.4245695
1196,1.0
1197,0.9601663
1198,0.99436563
1199,0.9999999
1200,0.9997665
1201,0.9987866
1202,0.00016719103
1203,1.0
1204,0.9999908
1205,1.0
1206,0.2374031
1207,1.0
1208,5.981326e-05
1209,0.998141
1210,1.0
1211,0.99999833
1212,9.569526e-05
1213,9.685755e-05
1214,4.7683716e-07
1215,0.9999901
1216,4.3213367e-06
1217,1.0
1218,0.13057703
1219,3.1113625e-05
1220,0.99998045
1221,0.6695386
1222,0.017316997
1223,0.99890864
1224,0.8859867
1225,0.9999998
1226,0.0
1227,0.8627929
1228,1.0
1229,1.8835068e-05
1230,0.99985373
1231,0.0
1232,1.0
1233,1.0
1234,0.9988196
1235,1.0
1236,0.026033133
1237,0.0008100271
1238,2.592802e-06
1239,1.1920929e-07
1240,0.0
1241,0.0016086996
1242,1.0
1243,0.999982
1244,0.0
1245,0.9995005
1246,0.93832946
1247,1.0
1248,0.99980175
1249,1.0
1250,0.9943358
1251,0.18509507
1252,0.73933053
1253,0.035128146
1254,0.0
1255,0.006682068
1256,1.0
1257,0.0
1258,0.0
1259,2.6524067e-06
1260,0.001226157
1261,0.91688263
1262,0.0
1263,1.0
1264,0.14170325
1265,1.0
1266,0.005101025
1267,0.23866123
1268,0.7502599
1269,1.9669533e-06
1270,0.0
1271,1.0
1272,0.0
1273,0.0
1274,1.7285347e-06
1275,3.260374e-05
1276,0.9995736
1277,0.999992
1278,0.0040759146
1279,3.7252903e-06
1280,0.0
1281,0.0
1282,0.0
1283,5.9604645e-08
1284,0.2150001
1285,0.004062474
1286,0.0010535419
1287,1.0
1288,1.0
1289,0.9999999
1290,0.7635645
1291,6.2584877e-06
1292,1.0
1293,0.9999999
1294,0.9993165
1295,2.0682812e-05
1296,2.115965e-06
1297,1.0
1298,0.98190504
1299,0.0
1300,1.0
1301,0.46258536
1302,1.0
1303,0.99993074
1304,3.2782555e-07
1305,1.0
1306,0.0032533705
1307,0.06686512
1308,0.19215757
1309,1.2516975e-06
1310,1.0
1311,0.3982194
1312,1.0
1313,1.0
1314,1.0
1315,1.0
1316,1.0
1317,1.0
1318,0.9959969
1319,5.364418e-06
1320,0.0025692582
1321,0.99999404
1322,0.048722565
1323,1.0
1324,0.00046285987
1325,0.9999975
1326,0.9994043
1327,2.7239323e-05
1328,0.03886658
1329,0.0017219484
1330,1.0
1331,1.0
1332,0.0
1333,0.9954843
1334,1.0
1335,0.999995
1336,1.0
1337,2.9742718e-05
1338,1.0
1339,1.7881393e-07
1340,1.6063452e-05
1341,0.0061181486
1342,0.0041419566
1343,0.2523781
1344,3.874302e-06
1345,0.00037831068
1346,0.08926335
1347,0.00017488003
1348,1.0
1349,0.9999838
1350,0.99200475
1351,0.0
1352,0.075472
1353,3.2782555e-07
1354,0.00048041344
1355,0.002506435
1356,0.0
1357,0.00040742755
1358,0.15974382
1359,1.4901161e-07
1360,0.072321475
1361,1.564622e-05
1362,1.0
1363,0.0
1364,0.03701064
1365,0.0
1366,1.0
1367,0.99980116
1368,4.142523e-06
1369,0.31165725
1370,1.0
1371,1.0
1372,5.9604645e-08
1373,1.0
1374,0.9999982
1375,1.0
1376,0.017272413
1377,1.9073486e-06
1378,0.00045067072
1379,0.99997437
1380,1.0
1381,0.0
1382,0.0065211058
1383,0.00582242
1384,2.7924776e-05
1385,0.9997254
1386,1.0
1387,1.0
1388,1.0
1389,1.0
1390,0.025564492
1391,1.1920929e-07
1392,8.165836e-05
1393,0.914052
1394,1.0
1395,6.2584877e-06
1396,1.0
1397,0.9997522
1398,1.0
1399,0.10230744
1400,0.99999976
1401,7.4505806e-07
1402,0.999764
1403,1.257658e-05
1404,0.100489825
1405,0.004919797
1406,0.029135615
1407,1.0
1408,0.99999654
1409,0.0
1410,1.6391277e-06
1411,3.3080578e-06
1412,1.3113022e-06
1413,1.0
1414,3.427267e-06
1415,0.07733047
1416,0.999998
1417,0.00013628602
1418,0.98950255
1419,1.0
1420,0.0
1421,0.00013110042
1422,0.99640775
1423,0.9999758
1424,0.9994124
1425,0.99992514
1426,0.0
1427,0.99469125
1428,0.16953406
1429,1.4901161e-07
1430,0.00046655536
1431,0.39041272
1432,1.0
1433,1.0
1434,1.0
1435,0.0006623268
1436,1.0
1437,1.0728836e-06
1438,0.98481774
1439,0.999988
1440,0.968192
1441,1.0
1442,0.0
1443,1.0
1444,1.0
1445,0.99999976
1446,0.95688236
1447,0.19729662
1448,0.00047037005
1449,1.0
1450,0.0
1451,0.0005544126
1452,3.2782555e-07
1453,1.0
1454,0.00053581595
1455,1.0
1456,0.0090996325
1457,0.0005299747
1458,1.0
1459,2.5629997e-06
1460,0.9999756
1461,3.4570694e-06
1462,1.0
1463,0.16292894
1464,0.9999943
1465,0.005375594
1466,1.0
1467,0.002205968
1468,0.0034368336
1469,1.0
1470,0.9237844
1471,0.0
1472,0.68300873
1473,0.5418711
1474,1.0
1475,1.0
1476,1.0
1477,0.1829854
1478,1.0
1479,0.07279679
1480,0.010581166
1481,0.0019346476
1482,1.0
1483,8.34465e-07
1484,1.0
1485,1.0
1486,1.0
1487,0.99920845
1488,1.0
1489,0.0
1490,0.9966605
1491,1.0
1492,1.0
1493,0.0
1494,0.9999682
1495,0.13392085
1496,0.0
1497,0.9999999
1498,0.88177466
1499,1.0
1500,0.0
1501,1.0
1502,1.0
1503,1.0
1504,1.0
1505,0.0
1506,2.9802322e-08
1507,0.9998139
1508,1.0
1509,0.9888469
1510,0.99916303
1511,0.0026776195
1512,1.0
1513,0.00045198202
1514,0.9997988
1515,0.9982042
1516,1.0
1517,1.0
1518,1.0
1519,1.0
1520,0.22538549
1521,0.0
1522,5.2034855e-05
1523,3.2544136e-05
1524,0.061558813
1525,0.9999972
1526,0.997907
1527,0.0
1528,1.0
1529,0.9986339
1530,0.99968827
1531,3.427267e-06
1532,2.0861626e-07
1533,0.06027922
1534,0.99979615
1535,0.5722078
1536,0.5760577
1537,1.0
1538,3.2782555e-07
1539,2.9802322e-08
1540,1.4305115e-06
1541,1.0
1542,0.99991846
1543,4.6491623e-05
1544,0.00022247434
1545,0.9850507
1546,0.99936914
1547,1.0
1548,0.94234645
1549,1.0
1550,0.0
1551,0.0
1552,0.000846833
1553,1.0
1554,0.9999995
1555,0.0
1556,0.10763106
1557,0.003447771
1558,0.0031318665
1559,1.7881393e-07
1560,0.1356448
1561,1.0
1562,1.0
1563,0.13068509
1564,0.68237287
1565,0.0044252872
1566,6.4492226e-05
1567,1.847744e-05
1568,1.0
1569,1.0
1570,1.7881393e-07
1571,1.0
1572,0.99999845
1573,0.0033244193
1574,7.9751015e-05
1575,0.9999994
1576,0.7731578
1577,0.9761765
1578,0.99999833
1579,0.99999976
1580,2.4348497e-05
1581,2.1517277e-05
1582,5.5402517e-05
1583,0.030157506
1584,0.99669385
1585,0.99910784
1586,1.0
1587,0.9999999
1588,1.0
1589,1.0
1590,0.0
1591,1.0
1592,0.16295725
1593,1.0
1594,0.0016604364
1595,0.0007750392
1596,0.807974
1597,8.940697e-08
1598,0.046775192
1599,0.998528
1600,1.0
1601,9.983778e-06
1602,0.27351445
1603,8.940697e-08
1604,0.99999696
1605,0.9999945
1606,0.99999917
1607,2.8908253e-06
1608,5.00679e-06
1609,1.0
1610,0.9916427
1611,0.9999981
1612,1.0
1613,1.0
1614,0.99999386
1615,1.0
1616,0.0
1617,1.0
1618,0.00037375093
1619,0.0013786554
1620,0.998896
1621,0.0
1622,0.44828823
1623,1.0
1624,6.854534e-06
1625,0.99450624
1626,0.24965563
1627,0.59250003
1628,1.0
1629,0.0009162426
1630,0.7927554
1631,0.0
1632,1.0
1633,0.9999938
1634,1.0
1635,1.0
1636,0.9997993
1637,0.98901296
1638,0.0
1639,1.0
1640,0.007579297
1641,0.6916618
1642,0.008874863
1643,0.99784654
1644,1.0
1645,1.0
1646,1.0
1647,0.0
1648,0.9899088
1649,1.0
1650,0.04045865
1651,0.093871385
1652,0.010006905
1653,1.0
1654,0.9941336
1655,0.0017295182
1656,0.0
1657,0.0011946261
1658,1.0
1659,1.0
1660,0.99787766
1661,0.9621358
1662,3.2395124e-05
1663,1.0
1664,4.827976e-06
1665,0.00067186356
1666,0.36685854
1667,1.0
1668,0.92428875
1669,1.0
1670,0.99999857
1671,0.0
1672,0.9999999
1673,0.999336
1674,1.0
1675,0.9702434
1676,0.0
1677,0.0
1678,0.59319955
1679,0.0024904907
1680,0.99999964
1681,1.0
1682,0.0
1683,0.027068347
1684,0.99998903
1685,0.99865186
1686,1.8537045e-05
1687,0.9999999
1688,0.022234738
1689,1.9073486e-06
1690,4.4703484e-07
1691,0.9834432
1692,0.047388285
1693,0.7689034
1694,0.99999994
1695,0.94773936
1696,1.0
1697,0.99956036
1698,0.99819946
1699,1.0
1700,0.0028631687
1701,0.9999374
1702,5.5998564e-05
1703,0.9999989
1704,0.005500287
1705,0.94685173
1706,0.99999917
1707,0.9463465
1708,0.999997
1709,0.96809196
1710,9.447336e-06
1711,0.99999976
1712,1.0
1713,1.0
1714,0.008606344
1715,0.9999887
1716,1.0
1717,0.9944445
1718,1.0
1719,0.0
1720,1.0
1721,0.99314153
1722,0.0003297031
1723,8.940697e-07
1724,0.0
1725,0.0
1726,0.9438793
1727,0.0
1728,0.67078084
1729,0.9999167
1730,0.99998915
1731,0.003347069
1732,1.40964985e-05
1733,1.0
1734,0.0011793673
1735,0.9999963
1736,1.0
1737,0.5411084
1738,0.0
1739,0.9979137
1740,1.0
1741,0.21327221
1742,9.679794e-05
1743,0.026264101
1744,0.99975955
1745,0.9203824
1746,0.109035164
1747,1.0
1748,0.11873484
1749,0.7194514
1750,1.0
1751,0.97126245
1752,0.015238225
1753,0.9997939
1754,1.0
1755,1.0
1756,1.0
1757,0.0
1758,1.0
1759,2.1457672e-06
1760,0.0018846691
1761,1.0
1762,1.1920929e-07
1763,3.874302e-07
1764,1.0
1765,0.0
1766,0.123125106
1767,7.897615e-06
1768,1.7166138e-05
1769,0.000105291605
1770,2.3841858e-07
1771,3.5762787e-07
1772,0.00018981099
1773,1.0
1774,1.0
1775,0.0013992488
1776,0.6110928
1777,1.0
1778,1.0
1779,0.99991035
1780,0.0
1781,0.41982076
1782,1.0
1783,3.1292439e-06
1784,0.0005860925
1785,0.0
1786,1.2814999e-06
1787,1.4901161e-07
1788,5.0902367e-05
1789,0.010162294
1790,1.0
1791,3.5762787e-07
1792,1.0
1793,1.0
1794,0.99999607
1795,0.0
1796,0.21175396
1797,0.9999886
1798,0.9998475
1799,0.9721278
1800,0.998508
1801,0.9999999
1802,0.124747574
1803,0.9994817
1804,0.0006696284
1805,0.9999852
1806,0.30763096
1807,0.19413209
1808,0.0006313324
1809,1.0
1810,1.0
1811,9.581447e-05
1812,0.9999293
1813,0.99999505
1814,8.389354e-05
1815,0.94895685
1816,0.0
1817,1.0
1818,1.0
1819,0.009441048
1820,8.940697e-08
1821,1.0
1822,6.2584877e-07
1823,1.809001e-05
1824,0.00059077144
1825,1.0
1826,0.11781573
1827,0.6565039
1828,0.007757902
1829,0.011803061
1830,0.9729417
1831,0.0
1832,0.83931816
1833,0.8070172
1834,0.96495175
1835,0.99999833
1836,0.00018876791
1837,0.8302735
1838,0.08920145
1839,9.414554e-05
1840,1.0
1841,0.0
1842,0.99878395
1843,1.0
1844,0.0
1845,0.99636483
1846,0.99505734
1847,0.00016236305
1848,0.99157333
1849,0.000119775534
1850,1.0
1851,1.0
1852,0.99999964
1853,0.14761618
1854,1.0
1855,0.9999745
1856,0.97966003
1857,2.5361776e-05
1858,0.03098309
1859,0.06616485
1860,0.8806287
1861,1.0
1862,5.662441e-07
1863,0.99999976
1864,0.8523608
1865,0.0
1866,1.0
1867,1.0
1868,0.004523903
1869,0.9999874
1870,0.5923479
1871,0.24434981
1872,0.0042867362
1873,1.0
1874,0.046040386
1875,1.1920929e-07
1876,1.0
1877,0.0
1878,0.003192842
1879,1.0
1880,0.9987434
1881,0.07064691
1882,0.10675475
1883,8.535385e-05
1884,0.99999994
1885,0.98590505
1886,0.00014954805
1887,1.0
1888,0.004497379
1889,0.9999673
1890,4.798174e-06
1891,0.000116199255
1892,8.34465e-07
1893,1.0
1894,1.0
1895,0.0028476715
1896,3.874302e-07
1897,1.0
1898,0.2197761
1899,0.29975134
1900,0.0
1901,0.9999998
1902,5.9604645e-08
1903,2.9802322e-07
1904,1.0
1905,1.0
1906,0.9999997
1907,2.682209e-07
1908,0.0
1909,0.00023856759
1910,0.99999964
1911,0.0
1912,0.39500225
1913,1.0
1914,0.99999326
1915,1.0
1916,4.3809414e-06
1917,0.0
1918,0.86392915
1919,0.04142812
1920,0.0
1921,0.9999999
1922,0.9999986
1923,0.0008366406
1924,0.0
1925,0.96402645
1926,0.3076127
1927,0.9988191
1928,0.018612236
1929,1.0
1930,1.0
1931,1.0
1932,0.9999999
1933,0.0
1934,0.0
1935,0.9994109
1936,0.9999995
1937,1.0
1938,0.000957638
1939,0.15901989
1940,0.004024416
1941,0.0
1942,0.999998
1943,0.0005868077
1944,0.0018207431
1945,0.1128073
1946,0.014725357
1947,0.0044384897
1948,6.2584877e-07
1949,1.0
1950,0.0013619661
1951,0.0
1952,0.00010308623
1953,0.0
1954,0.9995161
1955,1.1920929e-07
1956,0.9999982
1957,0.0
1958,1.0
1959,0.99995846
1960,1.0
1961,1.0
1962,2.8699636e-05
1963,0.99768996
1964,0.99950004
1965,1.0
1966,0.0
1967,0.00022563338
1968,0.00020229816
1969,1.0
1970,0.0
1971,0.9999918
1972,0.9853017
1973,0.0
1974,0.0
1975,1.0
1976,2.3841858e-06
1977,0.0
1978,0.3992826
1979,9.119511e-06
1980,0.0016854107
1981,1.2814999e-06
1982,4.2021275e-05
1983,4.6789646e-06
1984,0.973987
1985,1.0
1986,0.9996903
1987,2.0563602e-06
1988,1.0
1989,1.4901161e-06
1990,1.0
1991,0.01499781
1992,0.99477625
1993,1.0
1994,0.012554795
1995,0.0
1996,0.9999989
1997,7.674098e-05
1998,6.854534e-07
1999,5.9604645e-08
2000,0.0
2001,1.0
2002,0.0
2003,1.0
2004,4.23193e-06
2005,0.99963313
2006,1.0
2007,1.0
2008,0.042013586
2009,0.9971249
2010,1.0
2011,0.0029539764
2012,0.0
2013,0.97939694
2014,0.9999999
2015,0.0011790395
2016,0.46722773
2017,0.0
2018,0.9999627
2019,0.9976907
2020,1.0
2021,0.99999994
2022,0.0
2023,0.000726521
2024,0.29312283
2025,0.07571888
2026,0.000104397535
2027,5.9604645e-08
2028,0.90919894
2029,0.0
2030,0.0
2031,0.9999987
2032,1.0
2033,0.0
2034,6.854534e-07
2035,5.3942204e-05
2036,0.0
2037,0.0006828606
2038,0.00037914515
2039,1.0
2040,0.00230968
2041,4.798174e-05
2042,0.021223694
2043,1.0
2044,0.0
2045,0.99999976
2046,0.005218059
2047,0.0021049976
2048,0.0012931824
2049,2.9802322e-08
2050,0.12138489
2051,0.04608029
2052,0.9999999
2053,0.99999857
2054,0.0
2055,0.22282276
2056,0.0
2057,0.99987453
2058,0.0
2059,1.0
2060,0.0
2061,0.9999999
2062,1.0
2063,4.979968e-05
2064,7.18236e-05
2065,0.866963
2066,7.1525574e-07
2067,0.9111464
2068,0.99980485
2069,1.0
2070,1.0
2071,5.7816505e-06
2072,0.0
2073,1.0
2074,5.9604645e-08
2075,1.0
2076,0.9999994
2077,1.0
2078,1.0
2079,0.0
2080,5.364418e-07
2081,1.0
2082,1.0
2083,1.0
2084,0.12943634
2085,0.008561403
2086,1.0
2087,2.3841858e-06
2088,1.0
2089,0.9999914
2090,0.99963063
2091,3.3587217e-05
2092,1.0
2093,0.0027320087
2094,0.0
2095,0.0
2096,0.9926765
2097,0.19076675
2098,0.99765146
2099,0.10925454
2100,0.99947095
2101,1.0
2102,0.9356781
2103,0.99988735
2104,0.9901147
2105,0.004244685
2106,1.0
2107,0.0
2108,0.8453603
2109,0.9999999
2110,0.004292786
2111,0.0
2112,0.025634259
2113,8.34465e-06
2114,1.6391277e-06
2115,0.005110413
2116,5.9604645e-08
2117,1.0
2118,0.10428429
2119,0.9986213
2120,0.00018551946
2121,0.011814088
2122,0.9996012
2123,0.036578715
2124,0.0
2125,0.0130416155
2126,0.99999845
2127,0.0
2128,0.9909418
2129,2.682209e-07
2130,0.94200283
2131,0.0025465786
2132,0.25784975
2133,0.0
2134,1.0
2135,1.4901161e-07
2136,0.0
2137,1.0
2138,0.0
2139,0.99995446
2140,1.0
2141,0.9999992
2142,0.99992454
2143,0.0
2144,1.0
2145,0.0044418573
2146,0.9547397
2147,0.9999027
2148,6.982684e-05
2149,0.0
2150,0.014145285
2151,0.0
2152,0.99654406
2153,0.9999999
2154,0.9999999
2155,0.0020094514
2156,0.05598277
2157,1.0
2158,0.27088258
2159,0.34601834
2160,3.6001205e-05
2161,1.0
2162,0.9996902
2163,0.998065
2164,0.636531
2165,0.00010186434
2166,0.99999976
2167,0.7864652
2168,5.066395e-07
2169,1.0
2170,0.0023346841
2171,0.99977577
2172,1.0
2173,0.0
2174,1.0
2175,8.940697e-08
2176,1.0
2177,0.99996257
2178,1.0
2179,0.97151923
2180,0.002891928
2181,2.0861626e-07
2182,0.0006569028
2183,0.009285122
2184,0.31454372
2185,0.16580003
2186,3.2186508e-06
2187,0.9999987
2188,4.261732e-06
2189,3.5613775e-05
2190,3.6746264e-05
2191,4.506111e-05
2192,1.0
2193,1.0
2194,0.96692586
2195,0.0
2196,0.9998059
2197,0.0
2198,0.6972223
2199,1.0
2200,4.172325e-07
2201,0.0021210015
2202,3.2156706e-05
2203,0.0
2204,1.0
2205,0.99929
2206,1.0
2207,1.0
2208,0.99980235
2209,1.0
2210,1.0
2211,8.940697e-08
2212,3.0696392e-06
2213,1.0
2214,0.9156027
2215,1.0
2216,0.0
2217,0.0
2218,1.0
2219,1.0
2220,1.0
2221,1.0
2222,0.10365686
2223,0.00024273992
2224,0.98841596
2225,0.9996147
2226,0.8126403
2227,0.9991286
2228,5.0902367e-05
2229,0.44094533
2230,1.0
2231,0.0020246208
2232,0.99978065
2233,0.0
2234,0.9999978
2235,1.0
2236,0.9993732
2237,0.9999981
2238,0.9901609
2239,0.20695809
2240,1.0
2241,1.0
2242,0.00023400784
2243,0.0091692805
2244,2.0861626e-07
2245,0.99999905
2246,1.0
2247,1.0
2248,0.997462
2249,1.1771917e-05
2250,0.0012423396
2251,1.32620335e-05
2252,0.87989706
2253,0.65408814
2254,0.88402575
2255,1.0
2256,1.0
2257,1.0
2258,1.0
2259,0.8676539
2260,1.5795231e-06
2261,1.4901161e-07
2262,1.0
2263,0.0025050342
2264,0.9999752
2265,1.591444e-05
2266,0.9994986
2267,0.9994471
2268,0.00037497282
2269,0.9999991
2270,1.1920929e-07
2271,0.9998475
2272,5.066395e-07
2273,0.06414652
2274,0.0
2275,1.0
2276,5.5372715e-05
2277,0.0017429888
2278,1.0
2279,0.9991044
2280,0.9999982
2281,1.0
2282,1.0
2283,1.0
2284,0.0013973415
2285,0.0
2286,0.99999976
2287,1.0
2288,0.027823746
2289,0.9999722
2290,0.9997177
2291,0.9999439
2292,1.0
2293,0.0011402667
2294,0.8235164
2295,3.132224e-05
2296,0.98304224
2297,0.003609836
2298,4.506111e-05
2299,0.87931204
2300,1.0
2301,0.0
2302,1.1622906e-06
2303,0.03431189
2304,1.0
2305,0.07239914
2306,0.00012224913
2307,0.96106017
2308,1.0
2309,0.4600312
2310,0.0011616051
2311,0.99676585
2312,1.0
2313,0.014029056
2314,0.005447656
2315,1.0
2316,2.643466e-05
2317,0.9999919
2318,0.9866153
2319,0.024750173
2320,0.99478245
2321,0.0
2322,0.0
2323,0.033222586
2324,0.009036005
2325,0.36282167
2326,0.99999946
2327,0.10254535
2328,0.18438396
2329,0.0
2330,0.0
2331,0.0016064644
2332,1.0
2333,0.99991536
2334,0.9999999
2335,0.9992035
2336,0.99996245
2337,1.0
2338,2.0861626e-07
2339,1.0
2340,0.0
2341,0.0
2342,0.55821854
2343,0.99967515
2344,0.0
2345,1.0
2346,1.0
2347,0.0
2348,0.90355474
2349,1.0
2350,0.997952
2351,0.0005019605
2352,0.0020588934
2353,0.0
2354,3.170967e-05
2355,5.662441e-07
2356,0.9999923
2357,1.1920929e-07
2358,0.9999924
2359,0.0857676
2360,1.0
2361,0.14388648
2362,5.9604645e-08
2363,1.0
2364,0.008303076
2365,8.940697e-08
2366,0.017936707
2367,0.99989295
2368,1.0
2369,8.940697e-08
2370,1.0
2371,1.0
2372,1.0
2373,0.0
2374,0.0
2375,0.9929785
2376,0.0
2377,0.022248328
2378,0.14846131
2379,1.0
2380,1.0
2381,1.0
2382,1.0
2383,0.0
2384,1.0
2385,1.0
2386,1.0
2387,8.34465e-07
2388,4.172325e-07
2389,4.4703484e-07
2390,0.0
2391,0.0
2392,1.0
2393,1.0
2394,0.00100407
2395,1.0
2396,0.99999875
2397,0.8824992
2398,0.62246716
2399,0.30106091
2400,0.9999994
2401,1.0
2402,0.9999198
2403,1.0
2404,1.4901161e-07
2405,0.010698855
2406,1.1503696e-05
2407,0.9998907
2408,0.0201329
2409,0.00016871095
2410,1.0
2411,1.963973e-05
2412,1.0
2413,0.95726717
2414,0.13173932
2415,1.0
2416,0.00023469329
2417,0.64283943
2418,1.0
2419,1.0
2420,0.0
2421,7.897615e-06
2422,0.9416872
2423,0.00084236264
2424,0.9999999
2425,1.0
2426,0.80097795
2427,0.10424197
2428,1.0
2429,1.0
2430,0.0
2431,1.0
2432,0.00023427606
2433,0.040048093
2434,0.085636854
2435,1.0
2436,1.0
2437,0.08460772
2438,0.9696703
2439,0.9995477
2440,0.0
2441,1.0
2442,0.9994549
2443,0.0
2444,0.0069043934
2445,1.0
2446,0.13372919
2447,0.00022014976
2448,0.2980361
2449,1.0
2450,1.0
2451,0.5963328
2452,0.0
2453,0.9999386
2454,0.99999523
2455,0.0
2456,0.0
2457,0.9939947
2458,0.045641452
2459,1.0
2460,0.9998064
2461,0.019001424
2462,0.00031882524
2463,1.0
2464,0.50847805
2465,0.99999535
2466,1.0
2467,0.0
2468,1.0
2469,1.0
2470,0.9789281
2471,0.9879258
2472,0.35902765
2473,0.19511253
2474,1.0
2475,1.0
2476,0.84150505
2477,0.0012350976
2478,0.0003207624
2479,1.0
2480,0.0022354424
2481,0.9999999
2482,1.0
2483,0.9998146
2484,0.00037288666
2485,1.0
2486,0.0014944673
2487,0.00015071034
2488,0.5556051
2489,0.9989666
2490,0.99988234
2491,1.0
2492,0.98419666
2493,0.0036576986
2494,1.0
2495,4.172325e-07
2496,0.0
2497,1.0
2498,0.9999999
2499,0.99999213
2500,1.0
2501,1.0
2502,0.004133165
2503,0.99969524
2504,0.00802663
2505,0.00087046623
2506,0.9375646
2507,5.9604645e-08
2508,0.9999933
2509,0.9965446
2510,1.0
2511,1.1920929e-07
2512,0.99999994
2513,0.99999994
2514,0.0
2515,0.0
2516,0.06353524
2517,1.3411045e-06
2518,0.9978695
2519,0.0
2520,1.0
2521,0.0
2522,1.04904175e-05
2523,0.0
2524,2.9802322e-07
2525,0.0015289485
2526,0.99983823
2527,0.9995976
2528,0.9999946
2529,0.0
2530,1.0
2531,0.0
2532,0.9999998
2533,1.0
2534,5.9604645e-08
2535,0.9902441
2536,0.08234444
2537,1.04904175e-05
2538,1.0
2539,0.9980371
2540,0.004528433
2541,0.010104597
2542,1.2367964e-05
2543,0.32568797
2544,2.977252e-05
2545,0.9119911
2546,0.00057277083
2547,0.6812963
2548,1.0
2549,0.45264864
2550,9.948015e-05
2551,1.0
2552,0.6231564
2553,1.0
2554,0.0028861165
2555,1.0
2556,0.11893463
2557,0.86238587
2558,1.0
2559,0.9998573
2560,0.0
2561,0.99999845
2562,0.0
2563,0.0
2564,0.9775802
2565,0.99228656
2566,0.9983121
2567,0.0
2568,1.0
2569,1.0
2570,0.00048309565
2571,3.6418438e-05
2572,0.99999917
2573,3.0100346e-06
2574,0.9999998
2575,1.0
2576,0.084902376
2577,0.15732968
2578,0.00013300776
2579,1.0
2580,0.6670879
2581,0.00015431643
2582,0.16113758
2583,1.1920929e-07
2584,1.0
2585,1.9580126e-05
2586,3.5762787e-07
2587,0.9913987
2588,0.009397298
2589,0.99999917
2590,0.87054515
2591,0.00010186434
2592,1.0
2593,0.9999998
2594,0.9999996
2595,0.011882395
2596,0.009892464
2597,5.990267e-06
2598,0.8304118
2599,1.0
2600,0.9999994
2601,0.9999373
2602,0.0
2603,0.0
2604,8.940697e-07
2605,3.257394e-05
2606,0.9976213
2607,0.0
2608,0.9682742
2609,0.0048606694
2610,1.0
2611,0.002416551
2612,0.00093111396
2613,0.9988464
2614,3.33786e-06
2615,0.0007555783
2616,0.99998677
2617,1.1920929e-06
2618,0.0
2619,0.2820469
2620,0.99649537
2621,0.014070988
2622,1.0
2623,0.9999727
2624,0.9997421
2625,5.38826e-05
2626,1.0
2627,0.99999094
2628,0.025437713
2629,0.0
2630,0.010640591
2631,7.328391e-05
2632,0.16760778
2633,1.0
2634,1.0
2635,1.0
2636,1.0
2637,0.5301548
2638,3.5762787e-07
2639,0.00054234266
2640,0.027176887
2641,0.9999993
2642,0.9998728
2643,0.0017680526
2644,2.95043e-06
2645,0.0014272034
2646,0.045140177
2647,0.99946
2648,8.940697e-08
2649,0.0
2650,0.9993001
2651,1.0
2652,1.7881393e-07
2653,1.0
2654,0.9999931
2655,1.0
2656,0.9999999
2657,1.0
2658,1.1920929e-07
2659,0.99838173
2660,5.066395e-06
2661,0.99999976
2662,1.0
2663,0.9420724
2664,0.0
2665,0.99488235
2666,9.030104e-06
2667,0.0
2668,1.0
2669,1.013279e-06
2670,1.0
2671,0.0003143549
2672,1.0
2673,1.0
2674,0.000605911
2675,0.9995265
2676,0.0
2677,1.4901161e-07
2678,0.87060815
2679,0.0
2680,0.99999976
2681,5.9604645e-08
2682,0.42321995
2683,0.09182471
2684,0.9999944
2685,1.4007092e-06
2686,0.9999988
2687,1.0
2688,0.0039135814
2689,0.0007285774
2690,0.00025737286
2691,1.0
2692,0.9487542
2693,0.0
2694,0.82073665
2695,0.0027663112
2696,5.9604645e-07
2697,1.0
2698,2.9802322e-08
2699,1.0
2700,0.9996046
2701,0.0
2702,8.940697e-08
2703,0.0
2704,0.0
2705,0.99999976
2706,0.97995913
2707,0.00085166097
2708,0.0003877282
2709,1.0
2710,0.0
2711,0.0
2712,0.99481773
2713,1.0
2714,0.0
2715,0.9999918
2716,0.033673644
2717,1.937151e-06
2718,1.0
2719,0.0232836
2720,2.9802322e-07
2721,0.99833107
2722,0.9896113
2723,0.9933078
2724,0.9999993
2725,0.0
2726,1.0
2727,2.4527311e-05
2728,0.86749613
2729,0.08645448
2730,1.0
2731,0.9998014
2732,2.8371811e-05
2733,1.3411045e-06
2734,1.0
2735,0.10870081
2736,0.9998529
2737,1.0
2738,7.1525574e-07
2739,0.92377436
2740,1.0
2741,1.0
2742,0.0
2743,0.00071805716
2744,1.0
2745,6.2555075e-05
2746,1.0
2747,0.99919766
2748,1.0
2749,0.9825058
2750,1.758337e-06
2751,0.0
2752,0.9999409
2753,1.0
2754,0.98875636
2755,1.0
2756,0.99992746
2757,1.0
2758,0.0005336702
2759,0.28528976
2760,1.2278557e-05
2761,1.6361475e-05
2762,0.87583005
2763,0.96768636
2764,0.99130034
2765,1.0
2766,0.969609
2767,3.874302e-07
2768,0.007324457
2769,0.0141684115
2770,1.0
2771,1.0
2772,0.01300472
2773,0.9999999
2774,0.18206167
2775,0.99999976
2776,2.9802322e-08
2777,1.0
2778,1.0
2779,0.9999329
2780,4.7683716e-07
2781,0.999999
2782,1.0
2783,0.6213371
2784,0.9576927
2785,0.8187281
2786,0.13793209
2787,1.0
2788,1.0
2789,0.26653653
2790,0.0
2791,1.0
2792,0.20252177
2793,0.99789435
2794,0.98556113
2795,0.00115785
2796,1.0
2797,0.0
2798,0.00015112758
2799,1.0
2800,0.1543661
2801,2.7924776e-05
2802,0.1663402
2803,0.99998873
2804,0.9999999
2805,0.0
2806,0.848729
2807,1.0
2808,0.2836722
2809,0.0011925995
2810,0.9999974
2811,0.99045056
2812,0.0
2813,0.0004002452
2814,0.596435
2815,0.0
2816,1.0
2817,0.9832872
2818,0.0
2819,0.0024843514
2820,1.0
2821,1.0
2822,1.0
2823,0.99999607
2824,0.99988925
2825,0.0014316142
2826,0.0038210154
2827,0.99527436
2828,2.4020672e-05
2829,0.012069434
2830,0.0
2831,0.9996575
2832,0.9999999
2833,0.024317473
2834,0.0
2835,0.999936
2836,0.854486
2837,2.9802322e-08
2838,0.016932309
2839,0.99706936
2840,0.99999964
2841,1.0
2842,6.2584877e-06
2843,1.0
2844,0.99998987
2845,0.0003117323
2846,0.13623115
2847,1.0
2848,0.018566936
2849,0.0
2850,0.9987912
2851,1.0
2852,0.007698208
2853,0.9955884
2854,1.0
2855,0.65821207
2856,2.7418137e-06
2857,0.9911957
2858,0.9933795
2859,0.0
2860,0.0
2861,0.9985994
2862,0.0
2863,3.9756298e-05
2864,0.003920555
2865,0.0042587817
2866,1.0
2867,0.9999999
2868,1.0
2869,1.0
2870,0.9999995
2871,0.0
2872,0.999901
2873,1.0
2874,0.99653757
2875,0.0
2876,3.5464764e-06
2877,0.9872306
2878,0.6453727
2879,0.06785843
2880,1.0
2881,0.90040094
2882,0.000402838
2883,0.9967908
2884,1.0
2885,0.9999465
2886,0.99983907
2887,2.1785498e-05
2888,1.0
2889,0.0
2890,0.9441401
2891,0.00443691
2892,1.0
2893,1.0
2894,7.6293945e-06
2895,1.0
2896,1.0
2897,0.9999949
2898,3.0696392e-06
2899,1.0
2900,0.023659736
2901,0.99356097
2902,1.0
2903,0.0014932454
2904,0.9998699
2905,0.5502994
2906,1.0
2907,0.61531544
2908,0.99991107
2909,0.0
2910,1.0
2911,0.9025427
2912,0.0
2913,0.9829552
2914,0.6682092
2915,3.299117e-05
2916,0.00010663271
2917,0.021083653
2918,0.0
2919,1.0
2920,6.2584877e-07
2921,0.019854754
2922,0.9999897
2923,2.682209e-07
2924,0.004627168
2925,2.3245811e-06
2926,0.00014904141
2927,1.0
2928,0.0
2929,0.008430839
2930,0.0
2931,0.9902697
2932,0.9906435
2933,0.17538893
2934,0.09558928
2935,1.0
2936,0.9852754
2937,0.0
2938,0.0012938082
2939,0.0
2940,0.9999949
2941,0.9815591
2942,1.0
2943,1.0
2944,5.930662e-06
2945,2.0384789e-05
2946,8.940697e-08
2947,0.97520196
2948,0.99963397
2949,1.0
2950,2.682209e-07
2951,1.847744e-06
2952,1.0
2953,1.0
2954,0.013689697
2955,1.0
2956,0.09581238
2957,5.066395e-07
2958,0.97914064
2959,0.9999965
2960,0.0040067732
2961,0.9999991
2962,8.940697e-08
2963,0.9928165
2964,0.0198206
2965,1.0
2966,1.898408e-05
2967,0.99955875
2968,1.0
2969,0.99941814
2970,0.0
2971,0.020153433
2972,1.0
2973,0.0
2974,0.0
2975,0.0
2976,0.0
2977,0.999679
2978,0.9999997
2979,0.0
2980,0.0
2981,0.0003027618
2982,0.00025349855
2983,0.53964883
2984,0.00041991472
2985,1.0
2986,0.0
2987,0.999455
2988,0.713323
2989,0.9999999
2990,1.0
2991,0.00031501055
2992,0.6690232
2993,1.0
2994,1.0
2995,0.99999994
2996,0.0
2997,0.000106334686
2998,0.0013231337
2999,1.1920929e-07
3000,0.10457659
3001,1.0
3002,0.9963862
3003,0.9879132
3004,2.9802322e-08
3005,1.0
3006,0.17378011
3007,0.9999956
3008,1.0
3009,0.0
3010,0.0001795888
3011,0.6159813
3012,0.88927054
3013,0.99922574
3014,8.0794096e-05
3015,0.99578303
3016,0.0
3017,0.01366654
3018,1.0
3019,0.9242226
3020,1.0
3021,1.0
3022,1.0
3023,5.9604645e-08
3024,0.9982193
3025,0.0
3026,0.53117865
3027,0.99475193
3028,0.99999106
3029,0.9932936
3030,0.0
3031,0.0018441081
3032,0.0
3033,0.9814174
3034,3.5136938e-05
3035,0.0
3036,0.9999998
3037,5.841255e-06
3038,0.031603217
3039,0.66667545
3040,1.0
3041,0.0
3042,1.0
3043,0.983232
3044,0.00072836876
3045,0.9998946
3046,0.029420376
3047,1.0
3048,1.1920929e-07
3049,1.1920929e-07
3050,3.874302e-07
3051,0.999923
3052,0.0
3053,1.0
3054,1.0728836e-06
3055,0.0026892126
3056,0.9999143
3057,0.0
3058,0.0
3059,5.364418e-07
3060,0.0
3061,0.9999989
3062,1.0
3063,0.00047564507
3064,1.0
3065,0.8714645
3066,0.9999995
3067,0.9990871
3068,0.9999889
3069,0.8555118
3070,4.711747e-05
3071,1.0
3072,5.9604645e-08
3073,6.467104e-06
3074,0.0
3075,0.003190577
3076,0.0
3077,0.010888785
3078,0.0
3079,0.0
3080,0.00033035874
3081,1.0
3082,2.9921532e-05
3083,1.04904175e-05
3084,1.0
3085,0.85432065
3086,0.999526
3087,0.99995637
3088,1.0
3089,1.0
3090,1.0
3091,0.000603497
3092,0.9999981
3093,0.013661385
3094,0.0016668141
3095,0.0011436641
3096,0.00019815564
3097,0.99818575
3098,0.9992285
3099,0.27373043
3100,0.9999385
3101,0.999944
3102,0.9999584
3103,0.98803955
3104,1.0
3105,0.9935829
3106,1.1920929e-07
3107,0.75956124
3108,2.503395e-05
3109,0.49334446
3110,1.4901161e-07
3111,0.0
3112,0.99999636
3113,0.99992085
3114,1.0
3115,2.7000904e-05
3116,0.0
3117,0.9963663
3118,1.0
3119,1.0
3120,1.0
3121,9.23872e-07
3122,2.4974346e-05
3123,1.0
3124,0.36747342
3125,0.018159717
3126,0.9988322
3127,0.011199176
3128,0.99651873
3129,1.0
3130,0.8886533
3131,2.9802322e-08
3132,0.0
3133,0.028263092
3134,0.00014841557
3135,0.0
3136,2.3245811e-06
3137,0.99999785
3138,1.0
3139,0.0
3140,2.0861626e-07
3141,0.9752942
3142,0.99990976
3143,0.0
3144,0.0
3145,2.2649765e-06
3146,0.99999976
3147,0.5974316
3148,0.0
3149,0.9999777
3150,1.0
3151,1.0
3152,0.90762246
3153,0.8466579
3154,0.0
3155,1.0
3156,0.9999982
3157,0.94512784
3158,8.940697e-08
3159,0.99920857
3160,5.2452087e-06
3161,2.9802322e-08
3162,1.0
3163,0.0
3164,0.0
3165,1.7881393e-07
3166,0.04001656
3167,1.0
3168,0.0
3169,0.0011695623
3170,8.940697e-08
3171,6.15716e-05
3172,0.9999778
3173,0.0
3174,0.99999994
3175,0.99999976
3176,0.9999963
3177,0.0089126825
3178,0.0
3179,7.748604e-07
3180,0.999369
3181,0.0
3182,1.0
3183,0.0
3184,1.0
3185,0.99998784
3186,0.99999714
3187,0.0
3188,2.5629997e-06
3189,0.9999999
3190,1.0
3191,2.9802322e-06
3192,0.14759159
3193,0.9993354
3194,0.0
3195,1.0
3196,4.053116e-06
3197,7.298589e-05
3198,1.4215708e-05
3199,1.0
3200,0.0
3201,2.4050474e-05
3202,1.0
3203,0.99999124
3204,7.790327e-05
3205,0.0
3206,0.6702195
3207,0.9999765
3208,1.0
3209,0.0025375187
3210,0.9999948
3211,0.006064415
3212,0.00582242
3213,0.0
3214,1.0
3215,0.0007407665
3216,2.9802322e-08
3217,0.0
3218,0.14670187
3219,1.8298626e-05
3220,0.9901427
3221,1.0
3222,0.0
3223,1.0
3224,0.0
3225,1.0
3226,0.9999999
3227,0.0020059645
3228,0.0019784272
3229,0.9999968
3230,1.0
3231,2.9802322e-08
3232,0.0017754138
3233,0.32702982
3234,0.9999999
3235,0.55952185
3236,0.9996094
3237,1.0
3238,1.1622906e-06
3239,0.053270996
3240,0.00187397
3241,0.9904142
3242,3.2782555e-07
3243,5.9604645e-08
3244,0.00060269237
3245,0.9508728
3246,0.0
3247,0.0
3248,0.54649454
3249,1.0
3250,0.0018459558
3251,1.0
3252,0.0
3253,7.95722e-06
3254,0.9999943
3255,0.0
3256,0.9999949
3257,0.69531953
3258,1.0
3259,1.0
3260,1.0
3261,0.0
3262,9.7721815e-05
3263,0.0
3264,0.0016563833
3265,0.014623761
3266,1.2695789e-05
3267,1.0
3268,0.0
3269,3.874302e-07
3270,1.0
3271,0.99999994
3272,0.0
3273,1.0
3274,1.0
3275,0.15101969
3276,0.0018343925
3277,0.010288626
3278,0.0
3279,0.9999999
3280,0.12146613
3281,0.0007893741
3282,5.9604645e-08
3283,0.9891794
3284,0.97286296
3285,0.00090390444
3286,0.001604557
3287,0.92232347
3288,1.6391277e-06
3289,0.133077
3290,1.0
3291,2.9802322e-08
3292,1.0
3293,0.99999917
3294,0.0
3295,0.0005386472
3296,1.0
3297,0.78628224
3298,0.99996084
3299,0.028799146
3300,0.99995285
3301,1.0
3302,8.404255e-06
3303,1.0
3304,1.1920929e-07
3305,0.0025351644
3306,0.9999684
3307,0.0
3308,1.1920929e-07
3309,0.24792948
3310,1.5199184e-06
3311,0.99992776
3312,1.0
3313,0.9999992
3314,0.0011095107
3315,0.0
3316,1.0
3317,3.4719706e-05
3318,0.0
3319,8.59797e-05
3320,2.9802322e-08
3321,0.0013093352
3322,0.0341523
3323,0.99926096
3324,1.0
3325,0.0
3326,0.9999999
3327,0.0
3328,0.99341655
3329,0.0014684796
3330,1.0
3331,1.0
3332,0.08195177
3333,0.35149968
3334,0.3829756
3335,0.0
3336,3.5762787e-07
3337,0.0
3338,0.8636496
3339,1.0
3340,0.99639606
3341,0.0
3342,0.99956846
3343,1.0
3344,0.96005285
3345,0.0
3346,5.2154064e-06
3347,0.057037473
3348,0.0
3349,2.8312206e-06
3350,0.113695174
3351,1.0
3352,0.98833287
3353,1.0
3354,5.066395e-07
3355,0.5629043
3356,0.0
3357,1.0
3358,0.99999976
3359,4.5627356e-05
3360,7.531047e-05
3361,1.0
3362,0.0
3363,1.6093254e-06
3364,0.17614552
3365,0.00013270974
3366,0.8850024
3367,1.0
3368,1.0
3369,0.99999994
3370,2.3245811e-06
3371,0.333313
3372,1.0
3373,0.111766756
3374,0.005164176
3375,0.0
3376,8.2582235e-05
3377,0.00028535724
3378,1.0
3379,1.0
3380,0.37237096
3381,0.12913054
3382,0.9996493
3383,0.0
3384,0.0020252466
3385,0.0
3386,1.0
3387,0.0
3388,1.0
3389,0.000374645
3390,0.98677695
3391,0.9985012
3392,1.0
3393,1.0
3394,0.9999673
3395,0.9998387
3396,0.9989203
3397,1.0
3398,0.20098686
3399,1.0
3400,1.0
3401,0.8993379
3402,0.08951485
3403,0.026479423
3404,0.989949
3405,4.4703484e-06
3406,0.10229927
3407,0.18168303
3408,1.0
3409,2.0861626e-07
3410,0.9899773
3411,1.0430813e-06
3412,1.0
3413,8.940697e-06
3414,0.00061637163
3415,0.0
3416,0.00016400218
3417,0.00059324503
3418,0.99999833
3419,2.682209e-06
3420,0.0
3421,0.99765956
3422,0.000169456
3423,0.9343269
3424,4.172325e-07
3425,0.0029079616
3426,0.0
3427,0.934212
3428,2.9802322e-07
3429,1.0
3430,1.0
3431,0.2656541
3432,5.662441e-07
3433,0.96103835
3434,1.0
3435,0.15072095
3436,0.076630324
3437,0.99999946
3438,1.0
3439,2.7418137e-06
3440,1.0
3441,0.9992334
3442,0.0
3443,0.0
3444,0.9636532
3445,1.0
3446,0.0
3447,0.99968493
3448,3.9756298e-05
3449,0.00013011694
3450,1.0
3451,0.9999999
3452,1.0
3453,5.5998564e-05
3454,0.0024969578
3455,0.9998337
3456,1.0
3457,3.311038e-05
3458,0.0
3459,0.9999999
3460,0.9999998
3461,0.99779356
3462,0.007750213
3463,0.039379537
3464,0.8077836
3465,0.0
3466,0.9998275
3467,0.0
3468,0.9999998
3469,0.010096401
3470,0.0
3471,0.001296103
3472,1.0
3473,1.0
3474,0.99934053
3475,0.05488193
3476,1.0
3477,0.0
3478,0.9986407
3479,0.16902423
3480,5.9604645e-08
3481,1.0
3482,0.0
3483,0.0
3484,0.9767306
3485,0.0
3486,0.9998554
3487,0.9924077
3488,0.9975933
3489,0.0
3490,0.25390923
3491,0.03469315
3492,4.3213367e-06
3493,8.890033e-05
3494,1.0
3495,0.99660194
3496,1.0
3497,0.0
3498,0.0
3499,0.0002245903
3500,0.0
3501,0.07341239
3502,0.99999547
3503,0.0070948005
3504,0.5523158
3505,2.0861626e-07
3506,0.9937633
3507,1.0
3508,0.8380963
3509,0.999753
3510,1.0
3511,1.0
3512,0.9957807
3513,0.000114291906
3514,1.1920929e-07
3515,0.0007714927
3516,0.9999999
3517,1.0
3518,0.99803853
3519,0.99531054
3520,0.99999964
3521,0.9999999
3522,1.0
3523,1.0
3524,0.018065065
3525,0.059170693
3526,1.0
3527,0.0
3528,1.0
3529,0.0046164095
3530,0.0018645227
3531,0.99995863
3532,0.0
3533,0.0
3534,0.0
3535,0.0
3536,1.0
3537,0.99980813
3538,1.0
3539,0.0
3540,0.9998749
3541,0.0
3542,0.37471616
3543,0.9905718
3544,0.0001308322
3545,0.0
3546,1.0
3547,1.0
3548,1.0
3549,0.9999285
3550,2.0384789e-05
3551,0.99961734
3552,0.33197343
3553,0.0
3554,0.8296544
3555,1.0
3556,0.00096827745
3557,0.06619462
3558,0.0039086044
3559,0.0
3560,0.99998343
3561,0.9966147
3562,0.9998968
3563,0.0
3564,8.940697e-08
3565,0.019312799
3566,1.0
3567,1.0
3568,2.6524067e-06
3569,0.9998501
3570,1.7881393e-07
3571,0.8627577
3572,1.0
3573,1.0
3574,0.0028886497
3575,0.9999994
3576,0.47060522
3577,1.0
3578,0.9999937
3579,0.0
3580,0.7064109
3581,0.9999728
3582,1.0
3583,0.99415076
3584,1.0
3585,0.18913272
3586,0.9999778
3587,0.9999998
3588,1.0
3589,0.9999999
3590,1.4901161e-07
3591,1.0
3592,1.0
3593,0.66404897
3594,0.00097203255
3595,0.0
3596,6.1392784e-06
3597,1.0
3598,2.9802322e-08
3599,0.9967822
3600,0.999994
3601,1.0
3602,2.9802322e-08
3603,0.99914074
3604,2.9593706e-05
3605,3.7431717e-05
3606,1.0
3607,0.15208608
3608,0.19924283
3609,0.4296592
3610,0.9773755
3611,1.0
3612,1.0
3613,0.06960884
3614,1.0
3615,0.0
3616,0.12797332
3617,0.99993724
3618,0.032066733
3619,0.00024163723
3620,0.99972427
3621,1.0
3622,0.00018313527
3623,0.99384403
3624,1.0
3625,8.812547e-05
3626,0.99925625
3627,1.0
3628,0.0035840273
3629,0.9999999
3630,0.9973563
3631,1.0
3632,0.0
3633,0.9999771
3634,1.0
3635,0.0
3636,0.9999075
3637,0.0045032203
3638,0.0197227
3639,0.02392885
3640,1.0
3641,1.0
3642,0.0
3643,1.5169382e-05
3644,0.0014013052
3645,0.99444985
3646,0.52264416
3647,0.17430878
3648,0.0
3649,2.0861626e-06
3650,0.0
3651,1.4901161e-07
3652,0.0
3653,7.033348e-06
3654,6.854534e-07
3655,1.0
3656,0.9999632
3657,0.0016209781
3658,0.00063946843
3659,0.99886274
3660,0.99474055
3661,3.477931e-05
3662,0.03880787
3663,0.0
3664,0.78553927
3665,1.0
3666,2.682209e-07
3667,0.017959535
3668,0.9999901
3669,1.0
3670,0.0
3671,1.0
3672,0.99986994
3673,2.2053719e-06
3674,0.0005720854
3675,5.0127506e-05
3676,7.2419643e-06
3677,0.37713078
3678,2.8312206e-06
3679,0.9999117
3680,0.0
3681,0.99992883
3682,1.4901161e-07
3683,3.784895e-06
3684,0.0
3685,0.0006708503
3686,0.99904424
3687,0.99999994
3688,0.63812673
3689,0.0
3690,0.9999998
3691,0.59409857
3692,0.001406312
3693,0.99999875
3694,0.0
3695,0.007551819
3696,0.07343361
3697,1.0
3698,0.9999999
3699,0.0
3700,0.0
3701,1.0
3702,0.0
3703,1.9907951e-05
3704,0.494791
3705,0.0
3706,1.0
3707,0.044514745
3708,1.0
3709,2.592802e-06
3710,0.0009620786
3711,0.9914831
3712,2.682209e-07
3713,1.0
3714,0.99998784
3715,0.9999998
3716,1.0
3717,1.0
3718,0.048347443
3719,0.9999847
3720,0.0060174167
3721,1.1056662e-05
3722,0.0023346841
3723,0.0
3724,0.5494616
3725,0.45776492
3726,4.720688e-05
3727,0.0011486113
3728,0.04256177
3729,0.0
3730,2.3841858e-07
3731,1.0
3732,0.01916197
3733,7.748604e-07
3734,0.0
3735,0.99998075
3736,0.0
3737,0.9983958
3738,0.7864652
3739,0.19057545
3740,1.0
3741,0.0
3742,0.00076952577
3743,0.9999616
3744,0.0
3745,1.0
3746,0.9830347
3747,0.9999998
3748,1.0
3749,0.0009940863
3750,1.0
3751,4.3034554e-05
3752,0.0
3753,0.99999577
3754,1.0
3755,0.94924855
3756,0.9998075
3757,1.0
3758,1.1920929e-07
3759,0.99943256
3760,0.02148971
3761,1.0
3762,0.30653545
3763,1.0
3764,1.0
3765,0.00026369095
3766,1.0
3767,0.99999535
3768,1.0
3769,0.0
3770,0.99830455
3771,0.0
3772,3.9488077e-05
3773,1.0
3774,0.000284791
3775,0.9939985
3776,0.0
3777,1.0
3778,0.9999987
3779,0.0
3780,0.9835894
3781,0.07706371
3782,0.989477
3783,1.0
3784,6.264448e-05
3785,0.988798
3786,1.0
3787,9.536743e-07
3788,0.99999905
3789,0.0
3790,0.0
3791,0.9949519
3792,0.9832671
3793,0.9999999
3794,0.00016218424
3795,0.9999732
3796,0.0
3797,0.85251725
3798,0.9999939
3799,0.878976
3800,0.9997853
3801,0.00017690659
3802,0.9983039
3803,0.9999809
3804,0.0
3805,0.9999877
3806,5.3465366e-05
3807,0.056162834
3808,0.9911214
3809,1.0
3810,0.99465644
3811,0.36002332
3812,0.99931
3813,0.00037252903
3814,0.95136845
3815,1.0
3816,0.0
3817,0.98039335
3818,2.9802322e-08
3819,0.11645821
3820,0.00064495206
3821,0.9999999
3822,0.0
3823,0.9034613
3824,0.9999404
3825,1.7881393e-07
3826,3.2782555e-07
3827,0.23405868
3828,0.0
3829,0.02913317
3830,1.0
3831,0.99999666
3832,0.002513826
3833,0.99344444
3834,5.9604645e-07
3835,0.0020984113
3836,0.0
3837,3.7252903e-05
3838,0.9995745
3839,0.99994826
3840,1.0
3841,2.193451e-05
3842,1.0
3843,1.0
3844,0.69536585
3845,0.010066509
3846,0.9999323
3847,1.0
3848,0.9101676
3849,0.053450316
3850,0.99999905
3851,0.3862823
3852,1.0
3853,0.99994946
3854,1.0
3855,0.00011906028
3856,0.9925363
3857,0.0
3858,0.0
3859,1.0
3860,1.0
3861,0.99089044
3862,1.0
3863,0.99999976
3864,0.9999976
3865,1.0
3866,0.99995697
3867,1.0
3868,0.0
3869,0.49310982
3870,0.0
3871,0.9384326
3872,0.00050383806
3873,0.06735292
3874,1.0
3875,0.026411504
3876,0.002343148
3877,0.013105452
3878,0.9925022
3879,0.0
3880,0.0001321733
3881,0.9999538
3882,0.95130205
3883,0.9999943
3884,1.0
3885,1.0
3886,0.9999976
3887,1.0
3888,1.2844801e-05
3889,0.0009254813
3890,0.0011582673
3891,1.0
3892,0.0
3893,0.99999964
3894,0.0054093897
3895,0.99869704
3896,0.0
3897,0.9960166
3898,0.23875934
3899,0.8262612
3900,0.9999989
3901,0.0
3902,2.6226044e-06
3903,1.0
3904,0.9999928
3905,1.0222197e-05
3906,1.0
3907,0.9999945
3908,0.0
3909,0.0022702217
3910,0.8749149
3911,0.98722446
3912,0.012642175
3913,0.92717296
3914,0.24878803
3915,1.0
3916,0.0018318594
3917,1.0
3918,0.9999984
3919,0.3063656
3920,0.0
3921,0.0
3922,0.0
3923,0.154336
3924,0.0
3925,0.9999969
3926,1.0
3927,5.6028366e-06
3928,0.0004438758
3929,0.0014970899
3930,0.0
3931,0.0
3932,0.99541664
3933,1.0
3934,1.0
3935,0.9999999
3936,0.0
3937,0.20523244
3938,0.00014966726
3939,1.0
3940,0.41818273
3941,0.9809756
3942,0.00035619736
3943,1.0
3944,0.97365224
3945,0.9999998
3946,0.95773876
3947,1.0
3948,0.30042
3949,0.0
3950,1.0
3951,1.6182661e-05
3952,0.0
3953,0.9462536
3954,0.00021123886
3955,4.2021275e-06
3956,0.7141745
3957,1.0
3958,2.1874905e-05
3959,1.0
3960,0.99113107
3961,2.9802322e-08
3962,0.007986039
3963,0.96254385
3964,2.682209e-07
3965,1.0
3966,0.0010718405
3967,0.0
3968,0.0
3969,0.9938204
3970,4.3809414e-05
3971,0.94731116
3972,0.12676755
3973,0.779336
3974,0.0
3975,0.9994377
3976,0.16172945
3977,0.18155172
3978,3.427267e-06
3979,0.9159159
3980,1.0
3981,1.0
3982,1.0
3983,0.0
3984,0.0
3985,1.0
3986,0.00010097027
3987,1.0
3988,0.99998677
3989,1.0
3990,0.0
3991,1.0
3992,1.1920929e-07
3993,5.9604645e-08
3994,0.9999055
3995,0.011226237
3996,0.0
3997,1.257658e-05
3998,1.0
3999,1.0
4000,0.0
4001,1.0
4002,0.07472336
4003,9.2089176e-05
4004,1.0
4005,0.9999999
4006,1.7881393e-07
4007,0.99896985
4008,0.0
4009,0.766825
4010,0.00040894747
4011,0.8350728
4012,1.0
4013,1.0
4014,2.3841858e-07
4015,1.0
4016,0.99650246
4017,0.99317944
4018,0.99999803
4019,0.99973917
4020,0.9999993
4021,0.0064798295
4022,1.0
4023,0.95329285
4024,0.99999917
4025,0.0056497157
4026,1.0
4027,7.301569e-06
4028,0.985491
4029,0.9190421
4030,0.0
4031,0.9999324
4032,0.0
4033,0.37643063
4034,0.0
4035,0.06588265
4036,0.990344
4037,0.9535593
4038,5.364418e-07
4039,0.4433921
4040,1.0
4041,0.9996229
4042,0.0049858987
4043,0.010588169
4044,1.0
4045,8.374453e-06
4046,0.8614809
4047,0.99424815
4048,1.7881393e-07
4049,0.01734066
4050,0.96906996
4051,2.9802322e-07
4052,0.0
4053,0.94918835
4054,0.00041264296
4055,0.0011022091
4056,0.40279618
4057,0.0
4058,0.0
4059,0.997254
4060,0.007584244
4061,0.98981047
4062,1.1920929e-07
4063,1.0
4064,0.0
4065,0.0
4066,0.10190803
4067,0.99982
4068,0.9316999
4069,0.97297305
4070,0.0
4071,0.9999999
4072,2.8908253e-06
4073,0.0
4074,0.9999943
4075,0.0569551
4076,0.02000752
4077,0.0
4078,1.0
4079,0.97885555
4080,0.0017429292
4081,1.3113022e-06
4082,0.99999994
4083,1.0
4084,0.9999999
4085,1.0
4086,0.287571
4087,1.0
4088,0.98622894
4089,0.995875
4090,1.0
4091,0.99999964
4092,0.9918299
4093,0.99999744
4094,0.26113772
4095,0.99999976
4096,0.97500247
4097,0.0057457387
4098,0.99999905
4099,1.0
4100,0.45720944
4101,0.0
4102,0.0
4103,0.6060412
4104,0.001599282
4105,0.4530347
4106,0.9973651
4107,0.0005119443
4108,1.0
4109,4.9471855e-06
4110,0.6219771
4111,0.9957433
4112,0.0019308329
4113,4.053116e-06
4114,1.0
4115,0.000108897686
4116,1.0
4117,1.0
4118,0.0
4119,0.9856918
4120,1.0
4121,0.042232394
4122,0.9997112
4123,0.00020095706
4124,0.0
4125,1.013279e-06
4126,0.0032728612
4127,0.0
4128,0.0
4129,0.0
4130,0.99999994
4131,0.9429889
4132,0.0004120171
4133,0.97181463
4134,0.0004669726
4135,7.659197e-06
4136,1.0
4137,0.9998826
4138,0.9999865
4139,0.99999785
4140,0.0010401905
4141,0.9973081
4142,0.00022527575
4143,0.0
4144,0.8093008
4145,0.0006712973
4146,0.00015854836
4147,0.9999999
4148,0.0
4149,1.0
4150,1.0
4151,0.9999988
4152,0.006406963
4153,1.0
4154,0.017718077
4155,1.0
4156,0.97286576
4157,0.05186978
4158,0.0
4159,1.0
4160,0.012301058
4161,5.9604645e-08
4162,0.9999999
4163,1.0
4164,0.0
4165,0.033861637
4166,0.8112695
4167,0.99996483
4168,1.0
4169,1.2516975e-06
4170,0.8888169
4171,0.0
4172,0.9883132
4173,1.0
4174,8.940697e-08
4175,0.0
4176,0.0
4177,0.99746346
4178,1.0
4179,1.0
4180,1.0
4181,1.0
4182,0.0
4183,7.5906515e-05
4184,1.0
4185,1.0
4186,1.0
4187,1.0
4188,1.0
4189,0.063981116
4190,0.00010409951
4191,4.172325e-07
4192,1.0
4193,0.9999869
4194,0.0017148852
4195,0.0
4196,0.0
4197,0.9998404
4198,0.003981948
4199,0.0
4200,0.037638634
4201,0.99999976
4202,5.9604645e-08
4203,1.0
4204,1.0
4205,2.3841858e-07
4206,0.9999999
4207,0.84534633
4208,0.00051656365
4209,0.0
4210,1.0
4211,1.0
4212,0.0
4213,0.0
4214,0.23799396
4215,1.0
4216,1.0
4217,2.0563602e-05
4218,0.99981904
4219,0.9952545
4220,0.003975272
4221,1.4901161e-07
4222,0.9999769
4223,0.000502795
4224,1.0
4225,0.046904862
4226,0.9999999
4227,0.43010786
4228,0.7174998
4229,0.0
4230,1.0
4231,1.0
4232,1.0
4233,0.99479556
4234,0.9999993
4235,1.0
4236,0.0
4237,8.314848e-06
4238,1.0
4239,0.0
4240,1.0
4241,0.0
4242,0.9997444
4243,1.0
4244,0.0
4245,5.105138e-05
4246,0.24664328
4247,0.0
4248,0.0
4249,0.9999999
4250,0.999601
4251,1.0
4252,0.9674919
4253,0.98949873
4254,0.0
4255,1.0
4256,0.0
4257,0.04146418
4258,0.0
4259,0.0
4260,1.0
4261,1.0579824e-05
4262,0.9999981
4263,0.03335312
4264,0.9999999
4265,0.9999969
4266,0.0
4267,1.0
4268,0.0
4269,1.0
4270,1.129508e-05
4271,0.9420041
4272,1.0
4273,1.0
4274,0.99998194
4275,1.0
4276,1.4901161e-07
4277,0.013023078
4278,0.99449396
4279,2.3841858e-07
4280,0.09125736
4281,0.0
4282,0.0
4283,7.212162e-06
4284,0.9999986
4285,1.0
4286,0.0
4287,0.0
4288,1.7881393e-07
4289,1.0
4290,0.005199969
4291,0.9235723
4292,1.0
4293,1.0
4294,0.9994103
4295,0.7358837
4296,0.0003978908
4297,0.3103392
4298,0.0032796264
4299,0.9999584
4300,0.051807255
4301,0.9986228
4302,0.999998
4303,0.004508108
4304,0.9982959
4305,0.99993074
4306,1.0
4307,0.0007381439
4308,0.9999838
4309,7.56979e-06
4310,0.7328175
4311,0.0
4312,4.8547983e-05
4313,0.0
4314,0.82773316
4315,0.020153433
4316,9.208918e-06
4317,0.0
4318,0.1162819
4319,0.87159055
4320,0.0
4321,0.99992883
4322,0.9284924
4323,0.22054836
4324,1.0
4325,0.0
4326,1.6987324e-06
4327,0.8977442
4328,0.33999237
4329,0.0028900206
4330,1.7881393e-07
4331,1.0
4332,1.0
4333,0.0033759475
4334,0.0
4335,0.9974686
4336,1.0
4337,0.79503006
4338,0.00010243058
4339,0.74105555
4340,1.0
4341,1.0
4342,0.6859018
4343,1.0
4344,1.0
4345,0.0018390417
4346,0.0
4347,0.0
4348,3.567338e-05
4349,0.99999636
4350,0.00020089746
4351,0.99929607
4352,0.08403635
4353,0.9945808
4354,0.0
4355,0.99841475
4356,0.0
4357,0.034144938
4358,0.9623746
4359,0.0
4360,0.35124698
4361,1.0
4362,1.0
4363,0.0
4364,0.24260116
4365,0.42300943
4366,1.0
4367,0.99999374
4368,2.3007393e-05
4369,1.4901161e-07
4370,1.0
4371,8.136034e-06
4372,1.0
4373,0.33360732
4374,0.00012978911
4375,8.940697e-08
4376,0.0
4377,0.00025078654
4378,1.0
4379,1.0
4380,0.0
4381,0.0029132068
4382,0.9999999
4383,1.0
4384,0.00033044815
4385,0.0
4386,0.991655
4387,3.6358833e-06
4388,0.4425238
4389,1.0
4390,0.0
4391,0.9999963
4392,0.99999964
4393,0.0005093217
4394,0.0
4395,1.0
4396,0.99971473
4397,0.040121794
4398,2.3633242e-05
4399,0.99999976
4400,5.185604e-06
4401,5.2660704e-05
4402,1.2218952e-06
4403,1.0
4404,0.99998116
4405,1.0
4406,0.002315402
4407,0.0
4408,0.024785161
4409,0.0
4410,1.0
4411,1.4901161e-07
4412,0.06538752
4413,1.0
4414,1.0
4415,0.0
4416,0.43492365
4417,1.0
4418,0.98817325
4419,0.9997169
4420,0.9998244
4421,2.8014183e-06
4422,0.98596674
4423,0.013158262
4424,0.982403
4425,0.47827768
4426,0.0
4427,4.708767e-05
4428,2.9802322e-08
4429,1.0
4430,1.0
4431,0.9999986
4432,0.0764316
4433,3.695488e-06
4434,0.17651105
4435,0.0
4436,0.96070856
4437,0.0
4438,0.9960376
4439,0.9998927
4440,6.2584877e-07
4441,1.0
4442,0.007481903
4443,0.0
4444,0.0
4445,0.96026576
4446,1.0
4447,7.1525574e-07
4448,0.014788181
4449,0.010171145
4450,6.2584877e-07
4451,0.99999833
4452,0.0031457245
4453,1.0
4454,1.0
4455,0.53376853
4456,0.0
4457,0.05634594
4458,0.0003707409
4459,0.9998978
4460,2.8908253e-06
4461,1.0
4462,0.0
4463,2.5331974e-06
4464,1.0
4465,7.0631504e-06
4466,7.1555376e-05
4467,0.99561447
4468,9.596348e-06
4469,0.9509867
4470,1.0
4471,1.0
4472,0.7660638
4473,2.503395e-06
4474,1.0
4475,0.0
4476,6.893277e-05
4477,0.9999999
4478,0.019041538
4479,1.2516975e-06
4480,1.0
4481,1.1920929e-07
4482,0.9999961
4483,0.8043729
4484,1.12354755e-05
4485,0.9999436
4486,0.9999995
4487,5.9604645e-08
4488,0.99949926
4489,2.7120113e-06
4490,0.9780456
4491,1.0
4492,1.0
4493,0.999904
4494,0.9999069
4495,1.0
4496,1.0
4497,0.9999784
4498,1.0
4499,0.0
4500,1.0
4501,0.9993079
4502,0.006169349
4503,0.72260016
4504,0.6243539
4505,4.2915344e-06
4506,0.0
4507,0.9999685
4508,1.0
4509,0.9998394
4510,0.023514807
4511,0.11162609
4512,0.003167063
4513,1.886487e-05
4514,0.00025814772
4515,0.9999987
4516,0.0
4517,0.1607438
4518,1.0
4519,2.9802322e-08
4520,0.91240335
4521,0.0
4522,0.0
4523,0.99999917
4524,0.9999989
4525,0.9005877
4526,0.9662241
4527,0.000331223
4528,0.99999887
4529,1.1026859e-06
4530,1.0
4531,0.002031207
4532,0.0
4533,8.940697e-08
4534,1.013279e-06
4535,0.74239403
4536,0.013610989
4537,0.99999434
4538,1.4215708e-05
4539,1.0
4540,0.0002426207
4541,6.556511e-05
4542,1.0
4543,0.90754604
4544,5.9604645e-08
4545,0.99999166
4546,0.9999827
4547,1.0
4548,0.940344
4549,1.0
4550,1.0
4551,0.0
4552,0.00019875169
4553,0.99999714
4554,0.0127494335
4555,1.0
4556,0.0
4557,0.99998736
4558,9.384751e-05
4559,0.0
4560,0.9986922
4561,1.0
4562,0.12106678
4563,1.0
4564,1.0
4565,0.0
4566,0.00011232495
4567,1.0
4568,0.99379236
4569,0.0
4570,0.027022243
4571,1.0
4572,0.99999994
4573,2.682209e-07
4574,0.68220556
4575,0.918254
4576,0.99999595
4577,0.983194
4578,0.0004736781
4579,0.00035127997
4580,0.0
4581,1.8417835e-05
4582,0.0
4583,0.9992857
4584,4.8190355e-05
4585,1.0
4586,6.3180923e-06
4587,1.3113022e-06
4588,0.8113118
4589,0.20638809
4590,2.9802322e-08
4591,0.998705
4592,0.9999963
4593,0.17599905
4594,1.0
4595,0.0
4596,0.9999969
4597,2.682209e-07
4598,0.060588986
4599,1.0
4600,0.9999999
4601,0.9999989
4602,2.18153e-05
4603,0.00068467855
4604,0.99993205
4605,0.0018067658
4606,0.56764084
4607,0.0
4608,0.0
4609,3.3795834e-05
4610,0.0
4611,0.9995907
4612,0.0
4613,1.7881393e-07
4614,0.0
4615,7.715821e-05
4616,0.999996
4617,0.0
4618,1.0
4619,1.0
4620,0.08176008
4621,0.9959985
4622,0.0
4623,0.0
4624,1.4901161e-07
4625,2.9802322e-08
4626,0.31131613
4627,0.99999523
4628,0.99600303
4629,0.0
4630,0.97879076
4631,0.99991864
4632,0.51502645
4633,1.54078e-05
4634,0.0017859936
4635,1.0
4636,0.0
4637,0.99958503
4638,0.0013298094
4639,0.0032517016
4640,0.0006555319
4641,0.0063156784
4642,0.0
4643,0.0002400279
4644,1.0
4645,0.0
4646,0.0018192828
4647,1.0
4648,1.0
4649,1.0
4650,7.274747e-05
4651,0.037121147
4652,2.5629997e-06
4653,1.0
4654,0.9989508
4655,0.02612549
4656,1.0
4657,0.0017587245
4658,9.23872e-07
4659,0.00014489889
4660,0.007545918
4661,0.0
4662,0.9999959
4663,0.00208053
4664,8.940697e-08
4665,0.8879868
4666,0.99921954
4667,1.0
4668,0.1084778
4669,0.9762913
4670,1.5497208e-06
4671,0.0
4672,0.99999994
4673,8.046627e-07
4674,0.00015383959
4675,0.06485358
4676,1.0
4677,0.063362926
4678,0.025139213
4679,0.80572855
4680,0.10954741
4681,1.0
4682,1.0
4683,1.2218952e-05
4684,0.99999976
4685,1.0
4686,0.00012546778
4687,0.39293385
4688,1.0
4689,1.0
4690,0.16272292
4691,1.0
4692,1.0
4693,0.0069253147
4694,0.004198849
4695,0.9999959
4696,0.288867
4697,0.0
4698,0.017819464
4699,0.0067932904
4700,0.9993137
4701,0.9999999
4702,0.0
4703,0.010221094
4704,0.0
4705,0.0
4706,1.0
4707,0.9997214
4708,1.0
4709,1.0
4710,1.4901161e-07
4711,0.002714783
4712,1.0
4713,0.09653902
4714,0.34219065
4715,0.9999975
4716,1.0
4717,0.9999999
4718,9.23872e-07
4719,1.0
4720,1.0
4721,1.0
4722,0.9785006
4723,1.0
4724,0.0001014173
4725,1.0
4726,1.0
4727,0.08364552
4728,7.1525574e-07
4729,1.0
4730,0.00047183037
4731,2.771616e-06
4732,0.00035855174
4733,0.99999833
4734,0.0006428659
4735,1.0
4736,0.90268886
4737,0.7436322
4738,0.5926761
4739,6.854534e-07
4740,1.0
4741,1.0
4742,0.0
4743,1.0
4744,0.021042913
4745,1.0
4746,1.0
4747,0.9991314
4748,0.027084619
4749,0.9998237
4750,0.0
4751,0.9993726
4752,1.0
4753,3.874302e-07
4754,2.9802322e-07
4755,0.21537706
4756,0.0
4757,1.0
4758,1.0
4759,0.0
4760,0.99999964
4761,0.00017344952
4762,0.99998593
4763,1.0
4764,0.99901044
4765,0.9989194
4766,1.0
4767,0.0001719892
4768,1.0
4769,0.8516917
4770,0.0
4771,0.9999999
4772,0.25126958
4773,0.00021088123
4774,3.5762787e-07
4775,5.364418e-07
4776,0.9603261
4777,0.9993026
4778,0.3698204
4779,0.0
4780,1.7881393e-07
4781,1.0
4782,0.28337488
4783,0.9999994
4784,0.0012986958
4785,1.0
4786,9.298325e-06
4787,1.0
4788,0.0
4789,0.0
4790,0.99993575
4791,1.0
4792,1.0
4793,0.9998087
4794,0.0148156285
4795,0.9999931
4796,0.0
4797,0.2663352
4798,0.064582944
4799,0.026607275
4800,0.4721522
4801,0.9982313
4802,0.0027744174
4803,0.00027260184
4804,0.04775563
4805,1.0
4806,5.581975e-05
4807,0.0003283322
4808,0.9999748
4809,0.2252003
4810,3.9339066e-06
4811,0.0
4812,0.999956
4813,0.0022790134
4814,0.0016207993
4815,0.0011058152
4816,0.9174683
4817,0.0
4818,1.0
4819,0.69337755
4820,8.940697e-08
4821,1.0
4822,0.9999999
4823,0.9999997
4824,0.016322345
4825,0.99313605
4826,1.0
4827,1.847744e-05
4828,0.98974323
4829,0.00033769011
4830,1.0
4831,1.0
4832,1.0
4833,0.0009661615
4834,2.2649765e-06
4835,0.0
4836,0.0
4837,0.9966363
4838,1.3411045e-06
4839,1.0
4840,8.589029e-05
4841,0.9999236
4842,0.9999998
4843,1.0
4844,0.0020441115
4845,0.005129069
4846,6.785989e-05
4847,0.99999905
4848,1.0
4849,1.0
4850,0.4545808
4851,0.0002143383
4852,0.069491714
4853,0.9999913
4854,0.0
4855,8.314848e-06
4856,0.9979465
4857,1.0
4858,0.99974275
4859,0.99858284
4860,0.0
4861,0.18163094
4862,0.99953544
4863,1.0
4864,0.0012424886
4865,1.0
4866,0.3700566
4867,0.99999976
4868,0.8204231
4869,7.146597e-05
4870,0.0
4871,0.0
4872,0.90860015
4873,0.0
4874,0.0058612823
4875,0.0037602782
4876,0.99961734
4877,8.9883804e-05
4878,0.9999999
4879,0.99999464
4880,6.490946e-05
4881,1.0
4882,0.99999475
4883,0.0
4884,0.99918926
4885,0.10034847
4886,1.0
4887,4.2647123e-05
4888,0.9996258
4889,0.99935746
4890,0.9999988
4891,0.99966717
4892,0.028274506
4893,0.99981165
4894,0.0
4895,1.0
4896,0.9998998
4897,1.0
4898,1.0
4899,1.9907951e-05
4900,0.016754001
4901,0.9813635
4902,1.0
4903,0.9998609
4904,0.0
4905,0.99582493
4906,0.9976071
4907,0.00018513203
4908,0.9999992
4909,0.9999579
4910,1.0
4911,0.9724022
4912,0.99980485
4913,5.9604645e-07
4914,0.9987575
4915,0.03786385
4916,2.2172928e-05
4917,0.92074025
4918,0.9678743
4919,0.32063338
4920,0.99998033
4921,0.0
4922,0.0
4923,0.03909242
4924,1.0
4925,0.0
4926,0.0
4927,0.0
4928,0.0053833127
4929,0.26217508
4930,0.014018029
4931,0.99888706
4932,0.0
4933,0.0
4934,1.66893e-06
4935,0.027530134
4936,0.0
4937,0.9891559
4938,0.9999989
4939,8.940697e-08
4940,1.0
4941,0.9970181
4942,8.997321e-05
4943,5.066395e-07
4944,1.0
4945,0.9999993
4946,1.0
4947,0.9999289
4948,9.268522e-06
4949,0.9999966
4950,1.0
4951,0.34653765
4952,7.987022e-06
4953,1.0
4954,1.0
4955,0.001375854
4956,1.0
4957,1.1920929e-06
4958,0.82474315
4959,1.3113022e-06
4960,1.0
4961,0.9999976
4962,0.19589925
4963,1.0
4964,0.99625695
4965,7.1525574e-07
4966,0.0
4967,0.33713418
4968,1.0
4969,0.998442
4970,0.0
4971,1.0
4972,0.7262127
4973,0.99587667
4974,0.66350204
4975,0.0059446096
4976,0.98617435
4977,1.579523e-05
4978,0.0
4979,0.99551016
4980,1.0
4981,0.99988365
4982,0.9999987
4983,0.0026058853
4984,1.0
4985,0.239707
4986,0.13473177
4987,5.2452087e-06
4988,0.98057663
4989,0.9596709
4990,0.013612777
4991,0.00427106
4992,0.21934813
4993,1.0
4994,1.0
4995,0.0
4996,0.010125726
4997,0.99998474
4998,4.4703484e-07
4999,1.0
5000,0.99994063
5001,1.0
5002,1.0
5003,0.0015697777
5004,1.1712313e-05
5005,1.0
5006,2.413988e-06
5007,0.014903247
5008,5.9604645e-08
5009,0.0
5010,1.0
5011,0.99505293
5012,0.99999344
5013,0.0
5014,0.0017904341
5015,0.99998176
5016,1.5199184e-06
5017,6.020069e-06
5018,9.775162e-06
5019,0.014946103
5020,1.0
5021,0.99582034
5022,1.0
5023,0.77299094
5024,1.0
5025,1.66893e-06
5026,1.0
5027,1.0
5028,1.0
5029,1.0
5030,5.9604645e-08
5031,1.0
5032,0.027731419
5033,1.0
5034,0.0086582005
5035,0.9999998
5036,0.9999318
5037,1.0
5038,0.0
5039,0.00037908554
5040,0.00041878223
5041,0.9999999
5042,1.0
5043,1.0
5044,0.9999999
5045,1.0
5046,0.9999242
5047,1.0
5048,0.0
5049,0.90340865
5050,5.066395e-07
5051,0.00020372868
5052,0.0
5053,0.9999862
5054,0.9999969
5055,1.0
5056,1.0
5057,0.02816239
5058,1.0
5059,0.08434793
5060,0.10901657
5061,1.0
5062,8.940697e-08
5063,0.8853155
5064,0.7702167
5065,2.0861626e-07
5066,0.9574898
5067,0.0
5068,0.0023346841
5069,0.9999604
5070,0.97865635
5071,0.9980588
5072,5.3048134e-06
5073,0.0
5074,0.3648482
5075,1.0
5076,1.0
5077,1.0
5078,1.0
5079,0.99999994
5080,5.066395e-07
5081,0.9999558
5082,1.0
5083,0.0
5084,6.2584877e-07
5085,0.0020547807
5086,0.9999999
5087,0.99998534
5088,0.91333854
5089,3.0636787e-05
5090,8.6426735e-07
5091,0.002038926
5092,1.0
5093,0.06033507
5094,1.0
5095,0.0
5096,1.4513731e-05
5097,2.9802322e-07
5098,0.9999746
5099,0.985341
5100,0.047771454
5101,0.00019294024
5102,1.0
5103,0.00063434243
5104,0.7008738
5105,0.99688035
5106,0.9996555
5107,0.9999999
5108,0.85440165
5109,1.0
5110,0.97865534
5111,1.0
5112,0.06767878
5113,0.013335824
5114,0.98983437
5115,0.271995
5116,0.0
5117,0.0
5118,0.999901
5119,1.0
5120,0.00037908554
5121,0.018280834
5122,6.4969063e-06
5123,0.6747309
5124,0.002939999
5125,0.001742661
5126,0.00029042363
5127,1.0
5128,0.0009841025
5129,0.10225171
5130,0.9979228
5131,0.99993384
5132,0.0
5133,0.0
5134,0.005317241
5135,0.09192455
5136,7.0631504e-06
5137,0.9630199
5138,0.0012609661
5139,0.99997556
5140,0.96873105
5141,1.2308359e-05
5142,0.99994487
5143,1.0
5144,5.066395e-07
5145,0.99105036
5146,0.054476738
5147,0.0
5148,0.9999416
5149,0.0
5150,0.9999994
5151,0.0
5152,0.00010213256
5153,0.0054071248
5154,1.0
5155,1.0
5156,1.0
5157,1.7881393e-07
5158,0.00025713444
5159,2.130866e-05
5160,1.0
5161,0.9935298
5162,1.0
5163,0.09608513
5164,0.99248123
5165,1.0
5166,0.0
5167,0.99799114
5168,2.9802322e-08
5169,0.0
5170,0.0
5171,0.0
5172,0.99127495
5173,1.0
5174,0.02750498
5175,0.056558102
5176,0.23677486
5177,0.0
5178,0.0
5179,0.96339476
5180,0.9978604
5181,0.56860167
5182,3.9041042e-06
5183,0.0
5184,0.9998596
5185,0.999997
5186,0.99999994
5187,0.0
5188,0.0005489886
5189,0.9999877
5190,0.19781438
5191,0.9998385
5192,0.0012789667
5193,3.0994415e-06
5194,0.99995065
5195,0.9739348
5196,1.0
5197,0.0
5198,0.9999925
5199,5.9604645e-08
5200,0.027056873
5201,0.7442642
5202,0.9999999
5203,0.99469125
5204,1.0
5205,1.0
5206,0.99855614
5207,0.99882203
5208,1.0
5209,8.195639e-05
5210,0.98069346
5211,1.0
5212,0.00399825
5213,1.3887882e-05
5214,1.0
5215,0.99999976
5216,0.0
5217,0.0
5218,1.0
5219,0.14938098
5220,0.88832307
5221,0.0
5222,0.000420928
5223,1.0
5224,0.00023722649
5225,0.999911
5226,3.9756298e-05
5227,1.1920929e-07
5228,0.6104123
5229,1.0
5230,0.9995611
5231,0.0
5232,0.343094
5233,0.99951595
5234,0.0
5235,0.990219
5236,1.0
5237,1.0
5238,0.4332481
5239,0.0
5240,9.3758106e-05
5241,0.9997848
5242,0.90353876
5243,1.0
5244,0.00018873811
5245,2.1070242e-05
5246,5.8054924e-05
5247,0.9655869
5248,0.05863169
5249,0.99547714
5250,1.0
5251,1.0
5252,1.1920929e-07
5253,0.99032557
5254,0.0
5255,2.0802021e-05
5256,0.0
5257,0.9953787
5258,0.002200067
5259,0.9999324
5260,0.002990961
5261,4.8667192e-05
5262,0.99999964
5263,0.0
5264,0.0
5265,1.9848347e-05
5266,2.3841858e-07
5267,2.1666288e-05
5268,0.0
5269,0.9620739
5270,1.0
5271,1.0
5272,0.16400865
5273,0.0
5274,0.98859286
5275,0.7255988
5276,1.1324883e-06
5277,1.8775463e-06
5278,1.0
5279,0.11444467
5280,0.61544466
5281,0.9999947
5282,0.0
5283,0.0019711852
5284,1.0
5285,0.0
5286,0.042460173
5287,8.046627e-07
5288,2.0861626e-07
5289,2.9802322e-08
5290,1.0
5291,1.0
5292,0.7615238
5293,0.0
5294,0.053524524
5295,0.38145277
5296,0.0
5297,0.9425092
5298,1.0
5299,0.72278017
5300,1.0
5301,0.9915459
5302,8.940697e-08
5303,0.9999998
5304,0.046869308
5305,5.662441e-07
5306,0.0
5307,0.9262134
5308,0.00040140748
5309,0.0
5310,1.0
5311,0.7742014
5312,1.0
5313,0.98819727
5314,0.9566284
5315,0.0
5316,0.9947267
5317,0.9729867
5318,0.7121969
5319,1.0
5320,1.0
5321,1.0
5322,0.02885878
5323,0.9999988
5324,0.0
5325,1.0
5326,1.0
5327,0.0
5328,0.5350858
5329,0.13442567
5330,0.9716021
5331,0.053529263
5332,1.0
5333,0.005017042
5334,1.0
5335,0.96747553
5336,0.99994504
5337,0.11812729
5338,0.59410286
5339,1.0
5340,0.9999999
5341,0.0
5342,1.0
5343,0.8839816
5344,0.9946227
5345,0.0073181987
5346,0.0
5347,0.012853473
5348,0.0
5349,0.962067
5350,0.9999956
5351,1.0
5352,7.4505806e-06
5353,0.026217759
5354,1.0
5355,0.98352456
5356,1.0
5357,0.9823338
5358,1.0
5359,1.0
5360,0.9999915
5361,1.0
5362,0.9999949
5363,8.940697e-08
5364,1.0
5365,0.00032913685
5366,2.682209e-07
5367,1.0
5368,1.0
5369,0.9731103
5370,2.9802322e-08
5371,0.9999995
5372,1.0
5373,1.8179417e-06
5374,0.0013007224
5375,0.7067312
5376,0.27505422
5377,1.5795231e-06
5378,1.0
5379,0.0007921159
5380,0.9957199
5381,0.0017649233
5382,1.0
5383,1.0
5384,1.3589859e-05
5385,2.0861626e-07
5386,1.0
5387,1.0
5388,0.9075564
5389,0.00071561337
5390,0.0
5391,0.9994103
5392,0.28047067
5393,0.0
5394,0.072034806
5395,0.9834783
5396,1.0430813e-06
5397,0.008656204
5398,1.1831522e-05
5399,0.9999999
5400,0.0
5401,0.99999994
5402,0.8719786
5403,0.68757695
5404,2.9802322e-08
5405,4.3809414e-05
5406,0.99527144
5407,0.20364448
5408,0.99971056
5409,0.9999796
5410,1.0
5411,0.3202427
5412,0.008088201
5413,0.9999999
5414,0.98652077
5415,0.0069250762
5416,0.98350084
5417,0.9986197
5418,1.4901161e-07
5419,0.9396118
5420,0.02172175
5421,1.0
5422,0.03285274
5423,0.5873937
5424,3.811717e-05
5425,1.0
5426,1.0
5427,0.9928851
5428,1.0
5429,1.1920929e-07
5430,0.9999999
5431,0.0
5432,0.0017805994
5433,0.013060182
5434,1.0
5435,1.0
5436,0.9999987
5437,2.0861626e-07
5438,1.0
5439,0.98373926
5440,1.0
5441,6.2584877e-07
5442,0.0
5443,1.0
5444,0.99999845
5445,2.9802322e-08
5446,0.0
5447,0.96812177
5448,1.0
5449,0.99897647
5450,0.0
5451,3.9845705e-05
5452,0.9963318
5453,0.0010148883
5454,4.4703484e-07
5455,1.0
5456,1.0
5457,0.99999595
5458,8.940697e-08
5459,7.1525574e-07
5460,1.0
5461,0.99999976
5462,0.0
5463,4.6789646e-06
5464,1.0
5465,1.0
5466,1.0
5467,0.0
5468,0.99999344
5469,0.09921956
5470,1.0
5471,0.0
5472,0.999998
5473,1.4901161e-07
5474,0.99981385
5475,1.0
5476,1.0
5477,4.953146e-05
5478,0.9999998
5479,0.9996157
5480,2.9802322e-08
5481,1.0
5482,0.99988997
5483,0.99999785
5484,0.0
5485,0.08084655
5486,0.99999857
5487,1.0
5488,0.0
5489,0.002514571
5490,0.0
5491,0.0003003776
5492,0.018501341
5493,1.0
5494,0.9930906
5495,0.993954
5496,0.8766294
5497,0.0
5498,0.9999958
5499,0.9998354
5500,0.9999987
5501,5.9604645e-08
5502,0.001098752
5503,0.98529273
5504,1.0
5505,0.9976337
5506,1.0
5507,0.0
5508,6.020069e-06
5509,0.0019122064
5510,4.4107437e-06
5511,0.0
5512,0.0
5513,1.0
5514,0.99980056
5515,6.9618225e-05
5516,0.9997324
5517,1.4603138e-06
5518,1.0
5519,0.9999949
5520,0.0004607439
5521,0.0
5522,1.0
5523,0.010621518
5524,1.0
5525,0.66669834
5526,0.026342928
5527,0.10064182
5528,0.0
5529,0.0
5530,0.0
5531,0.9999974
5532,0.321845
5533,0.99999154
5534,1.0
5535,0.0
5536,1.7881393e-07
5537,0.0031807423
5538,0.99999595
5539,0.9999998
5540,0.966207
5541,0.0
5542,0.9987236
5543,0.99999416
5544,8.970499e-06
5545,1.0
5546,1.0
5547,0.0
5548,0.51207
5549,1.0
5550,0.99943906
5551,0.24040255
5552,2.9802322e-08
5553,0.99654865
5554,0.09919667
5555,0.98829436
5556,0.00050091743
5557,1.0
5558,0.09137389
5559,0.9999975
5560,1.0
5561,0.9999996
5562,0.99998707
5563,1.0
5564,0.4818049
5565,1.0
5566,2.3841858e-06
5567,0.9986807
5568,1.0
5569,1.0
5570,0.0050260127
5571,0.0006058216
5572,0.0153264105
5573,0.5085073
5574,1.0
5575,0.99999547
5576,5.9604645e-08
5577,2.2947788e-06
5578,9.119511e-06
5579,0.9999856
5580,0.9993937
5581,0.018290102
5582,1.0
5583,0.0029162169
5584,0.9999993
5585,1.0
5586,0.0
5587,2.2888184e-05
5588,0.9830628
5589,0.0
5590,0.0
5591,0.0189372
5592,1.0
5593,2.413988e-06
5594,0.99717796
5595,1.0
5596,1.0
5597,1.7881393e-07
5598,2.8550625e-05
5599,3.6746264e-05
5600,0.99999964
5601,1.0
5602,0.95789653
5603,0.312858
5604,0.033671767
5605,0.0003209412
5606,0.00053328276
5607,1.0
5608,1.0
5609,0.9999385
5610,5.9604645e-08
5611,0.0
5612,0.0024598837
5613,0.99991727
5614,0.99237657
5615,1.0
5616,0.0
5617,1.0
5618,0.0
5619,0.99843144
5620,0.0
5621,0.9984647
5622,5.2452087e-06
5623,1.0
5624,0.004278511
5625,0.007522702
5626,0.9996184
5627,1.0
5628,0.99994856
5629,1.0
5630,0.16895625
5631,0.0
5632,0.0040510595
5633,0.0
5634,1.0
5635,0.6928504
5636,0.9996005
5637,0.0013215542
5638,0.9959439
5639,0.65623343
5640,0.010779113
5641,1.0
5642,0.6052298
5643,1.0
5644,0.0
5645,1.0
5646,0.9999994
5647,0.99999994
5648,0.0
5649,0.0034689605
5650,0.7896615
5651,1.0
5652,0.9999999
5653,9.208918e-06
5654,0.9999999
5655,1.0
5656,0.00073981285
5657,2.1517277e-05
5658,0.9526396
5659,1.0
5660,0.9916872
5661,1.0
5662,1.0
5663,0.86297035
5664,0.34468058
5665,1.0
5666,0.0
5667,0.0
5668,3.7252903e-06
5669,0.00028818846
5670,0.0016584992
5671,0.26708794
5672,0.0
5673,0.0
5674,0.021280438
5675,0.998659
5676,0.9999996
5677,1.0
5678,0.03170976
5679,0.9999982
5680,5.9604645e-08
5681,0.0
5682,1.0
5683,8.672476e-06
5684,1.0
5685,0.9999947
5686,0.0
5687,0.0
5688,2.7656555e-05
5689,0.0004723966
5690,0.006857872
5691,0.99998146
5692,1.0
5693,0.9922963
5694,0.0035948753
5695,0.9864789
5696,0.0001065135
5697,0.99999976
5698,0.9957936
5699,0.99990404
5700,2.0116568e-05
5701,0.99995416
5702,1.0
5703,1.0728836e-06
5704,0.9998167
5705,0.0011045635
5706,0.8129017
5707,1.0
5708,3.5762787e-07
5709,0.031995326
5710,0.0
5711,0.7031888
5712,1.1920929e-06
5713,0.95686007
5714,0.0
5715,3.2782555e-07
5716,0.33603364
5717,2.115965e-06
5718,0.19675732
5719,0.0
5720,1.0
5721,1.0
5722,0.93284184
5723,0.0
5724,0.0
5725,0.99978113
5726,2.7418137e-06
5727,1.8388033e-05
5728,0.9519816
5729,0.0010617971
5730,0.00017932057
5731,0.9999993
5732,0.98448324
5733,1.0
5734,0.9999971
5735,3.874302e-06
5736,0.99600405
5737,0.1602234
5738,1.0
5739,1.0
5740,5.5491924e-05
5741,0.0
5742,0.025342941
5743,3.156066e-05
5744,0.00031074882
5745,1.0
5746,0.0
5747,0.9749504
5748,1.1026859e-06
5749,1.0
5750,2.7030706e-05
5751,5.9604645e-08
5752,0.98027754
5753,1.0
5754,1.0162592e-05
5755,0.56142783
5756,0.00037127733
5757,1.0
5758,0.00013178587
5759,0.9999864
5760,0.0
5761,1.0
5762,0.6356368
5763,0.99998385
5764,0.0
5765,0.008022666
5766,2.9802322e-08
5767,0.0
5768,0.00014215708
5769,0.9999449
5770,0.9999786
5771,0.0018122792
5772,0.7743583
5773,1.1920929e-07
5774,0.0
5775,1.0
5776,0.0
5777,1.0
5778,0.9950721
5779,1.0
5780,1.0
5781,1.0
5782,0.507851
5783,1.0
5784,1.0
5785,1.0
5786,0.99999917
5787,0.99998915
5788,0.00032141805
5789,0.0
5790,0.99999905
5791,0.0019225776
5792,1.0
5793,1.0
5794,1.0
5795,1.0
5796,0.0031069517
5797,0.00014403462
5798,0.9999577
5799,0.99992645
5800,0.0
5801,0.9997326
5802,0.9999999
5803,0.9999999
5804,1.0
5805,8.85129e-06
5806,1.0
5807,0.038601995
5808,0.04226622
5809,8.940697e-08
5810,0.99386764
5811,0.08110127
5812,0.001160562
5813,0.85934234
5814,0.0
5815,0.9869093
5816,0.0
5817,0.9845847
5818,0.06863603
5819,1.0
5820,1.0
5821,1.0
5822,0.9994011
5823,1.0
5824,0.9999964
5825,1.0
5826,9.804964e-06
5827,2.9593706e-05
5828,0.7920262
5829,0.0
5830,0.99999887
5831,0.98510665
5832,0.99966335
5833,1.0
5834,0.99833685
5835,0.9999924
5836,0.999998
5837,0.13761276
5838,0.0
5839,0.0
5840,0.9999958
5841,1.0
5842,2.9802322e-08
5843,0.5329076
5844,0.32839444
5845,1.0
5846,4.440546e-06
5847,0.33577752
5848,8.440018e-05
5849,0.9998827
5850,0.0
5851,0.0
5852,0.0
5853,0.0
5854,1.0
5855,0.0
5856,0.96556455
5857,0.0007261634
5858,0.00049188733
5859,1.0
5860,0.00016605854
5861,1.0
5862,0.026403308
5863,0.11226249
5864,0.09824118
5865,0.00037038326
5866,1.0
5867,0.5003709
5868,0.021784753
5869,2.5331974e-06
5870,0.998427
5871,0.90524876
5872,1.1920929e-07
5873,1.0
5874,0.04992351
5875,0.9999998
5876,0.000408262
5877,1.0
5878,1.0
5879,0.71250874
5880,0.9999999
5881,0.0
5882,0.06453797
5883,0.0026718378
5884,1.0
5885,1.0
5886,0.0
5887,0.999829
5888,1.0
5889,0.0
5890,0.9728279
5891,2.8908253e-06
5892,0.9994972
5893,1.0
5894,1.0
5895,0.0
5896,0.9936321
5897,1.0
5898,0.00014415383
5899,0.9997264
5900,0.0
5901,0.9999981
5902,1.0
5903,0.0015614927
5904,0.0
5905,0.60553956
5906,0.999717
5907,0.99900365
5908,1.0
5909,0.0028252304
5910,0.0
5911,0.013228804
5912,3.5762787e-07
5913,0.0
5914,0.013810694
5915,0.10423136
5916,0.0
5917,0.042132407
5918,1.0
5919,0.0
5920,0.00022515655
5921,1.0
5922,0.0
5923,1.0
5924,0.9984555
5925,4.4703484e-07
5926,0.3777962
5927,1.0
5928,6.312132e-05
5929,0.0
5930,0.8186065
5931,0.99762917
5932,1.66893e-06
5933,1.0
5934,0.80097103
5935,0.99999833
5936,0.99999714
5937,0.40013403
5938,5.9604645e-07
5939,1.0
5940,0.9999716
5941,0.9999635
5942,1.0
5943,0.9903578
5944,0.26059735
5945,0.99999994
5946,1.0
5947,0.0007318258
5948,0.03044635
5949,2.0861626e-07
5950,0.99999964
5951,1.0
5952,1.0
5953,0.0024738014
5954,0.0037995577
5955,0.99654514
5956,0.2971906
5957,0.9519131
5958,4.4703484e-07
5959,0.009092271
5960,1.0
5961,0.021327525
5962,1.0
5963,4.2825937e-05
5964,3.1590462e-06
5965,0.0
5966,0.99996656
5967,0.13398394
5968,0.9999187
5969,0.9999877
5970,0.8321647
5971,5.662441e-07
5972,0.27898395
5973,0.0
5974,0.07131931
5975,4.7683716e-07
5976,0.978225
5977,0.99843645
5978,0.99997574
5979,0.81941617
5980,0.9999998
5981,0.99791205
5982,0.99973166
5983,0.99998486
5984,0.19059858
5985,1.3709068e-06
5986,0.6656134
5987,0.0
5988,1.0
5989,8.314848e-06
5990,1.2516975e-06
5991,0.0
5992,2.3245811e-06
5993,0.88036996
5994,0.18507475
5995,1.0
5996,1.4901161e-07
5997,1.0
5998,8.940697e-08
5999,0.0
6000,0.9515296
6001,0.9910946
6002,0.9186049
6003,0.2721119
6004,1.0
6005,0.1185776
6006,2.8282404e-05
6007,0.4295793
6008,2.3841858e-07
6009,0.0040187538
6010,1.0
6011,0.99956787
6012,0.00994277
6013,0.8785711
6014,4.261732e-06
6015,0.7252052
6016,0.9999545
6017,0.0009585023
6018,1.0
6019,0.0
6020,2.6524067e-06
6021,0.0
6022,1.0
6023,1.0
6024,1.0
6025,0.00035005808
6026,0.9999968
6027,0.5459311
6028,0.9998776
6029,0.04410115
6030,0.9918936
6031,0.99996746
6032,0.9999986
6033,0.0
6034,2.0891428e-05
6035,0.6594261
6036,0.0
6037,0.999931
6038,0.0
6039,0.0
6040,0.90189326
6041,6.109476e-06
6042,5.066395e-07
6043,0.92140806
6044,2.3841858e-07
6045,0.017288387
6046,0.0010579824
6047,0.0
6048,1.0
6049,0.9999999
6050,1.0
6051,1.0
6052,0.99999785
6053,1.0
6054,0.999783
6055,0.9861978
6056,1.0
6057,1.0
6058,0.0
6059,0.0
6060,0.60033065
6061,0.06770688
6062,1.0
6063,0.0
6064,0.0
6065,4.351139e-06
6066,0.00018796325
6067,0.99994075
6068,0.99734604
6069,0.009726524
6070,0.0
6071,0.9999986
6072,1.0848045e-05
6073,1.0
6074,1.0
6075,0.00010553002
6076,2.115965e-06
6077,2.3841858e-07
6078,4.7683716e-07
6079,0.0028773248
6080,1.0
6081,0.00041624904
6082,0.14881206
6083,0.0
6084,0.9157802
6085,1.0
6086,0.11458978
6087,0.0
6088,0.003844887
6089,0.9999959
6090,1.0
6091,0.07239643
6092,1.7881393e-07
6093,0.99999225
6094,5.9604645e-07
6095,0.97317064
6096,1.0
6097,0.0
6098,0.0
6099,0.0021989048
6100,1.0
6101,0.0
6102,1.0
6103,1.0
6104,0.9999988
6105,0.0006502569
6106,3.5852194e-05
6107,0.0
6108,1.0
6109,1.0
6110,0.0008841157
6111,0.9973217
6112,1.0
6113,1.0
6114,1.0
6115,0.9995439
6116,0.97916305
6117,0.9999999
6118,0.00012376904
6119,1.6868114e-05
6120,0.0
6121,0.0
6122,2.9802322e-08
6123,2.6851892e-05
6124,1.0
6125,1.4901161e-07
6126,0.99999964
6127,1.0
6128,0.9999697
6129,0.9908405
6130,0.13366422
6131,0.5974405
6132,1.0
6133,2.1278858e-05
6134,1.0
6135,0.99994916
6136,0.9869888
6137,0.9981593
6138,0.9999998
6139,1.0
6140,1.0
6141,0.0
6142,0.9999982
6143,0.99999917
6144,1.3738871e-05
6145,1.0
6146,5.6922436e-06
6147,1.0
6148,0.006019324
6149,1.0
6150,1.0
6151,1.4901161e-07
6152,0.9705881
6153,1.0
6154,0.99925244
6155,0.0024831593
6156,4.976988e-06
6157,7.212162e-06
6158,0.9991261
6159,0.99996614
6160,0.121714324
6161,3.2782555e-07
6162,1.0
6163,0.99990284
6164,0.9826015
6165,2.0354986e-05
6166,1.0
6167,0.53159446
6168,0.0
6169,1.0
6170,0.018617183
6171,0.9999993
6172,1.0
6173,0.002747029
6174,1.0
6175,1.7881393e-07
6176,0.0
6177,0.00080120564
6178,2.026558e-06
6179,1.0
6180,0.9990124
6181,8.940697e-08
6182,1.0
6183,0.9999012
6184,0.00043925643
6185,0.3728598
6186,0.0
6187,0.0014478266
6188,1.0
6189,0.00017869473
6190,0.9999032
6191,0.017629862
6192,0.91679585
6193,6.198883e-06
6194,1.0
6195,1.0
6196,0.0
6197,1.0
6198,0.0
6199,0.0
6200,5.1259995e-06
6201,0.9999825
6202,0.6087393
6203,0.00017529726
6204,5.7905912e-05
6205,4.887581e-06
6206,0.9852144
6207,0.20735982
6208,1.0
6209,0.99992967
6210,0.99999523
6211,1.0
6212,0.0
6213,1.0
6214,1.0
6215,1.0
6216,0.0
6217,1.0
6218,0.0
6219,1.0
6220,1.0
6221,0.07285437
6222,0.9691521
6223,0.9980549
6224,0.0
6225,0.0
6226,1.0
6227,0.0
6228,2.3841858e-06
6229,5.9604645e-08
6230,1.0
6231,1.0
6232,0.441085
6233,0.9999998
6234,0.013439298
6235,0.9999831
6236,7.593632e-05
6237,1.0
6238,0.3425571
6239,1.0
6240,0.00012883544
6241,0.011259168
6242,0.99621785
6243,0.769217
6244,0.99999964
6245,2.3245811e-06
6246,2.9802322e-08
6247,1.0
6248,1.0
6249,0.9999999
6250,0.9787111
6251,1.0
6252,0.9862646
6253,0.0002592802
6254,1.0
6255,0.9999999
6256,0.002680868
6257,0.9999994
6258,1.0
6259,0.0
6260,0.1550915
6261,0.9999997
6262,1.0
6263,8.165836e-06
6264,0.0
6265,1.4901161e-07
6266,1.0
6267,0.9999997
6268,0.19249213
6269,0.0
6270,0.00042802095
6271,0.0
6272,1.0
6273,0.99999976
6274,0.9989431
6275,1.0
6276,0.5982016
6277,1.0
6278,0.99969804
6279,1.0
6280,0.9880888
6281,0.010040283
6282,0.99849737
6283,0.0017148852
6284,0.96071553
6285,1.1920929e-07
6286,2.0861626e-07
6287,0.0
6288,1.0
6289,0.0
6290,0.0
6291,0.011591405
6292,0.0
6293,0.99999326
6294,0.0
6295,1.0
6296,1.1920929e-07
6297,1.0
6298,0.9566747
6299,4.2915344e-06
6300,0.9952722
6301,0.99790967
6302,1.0
6303,0.99999964
6304,0.99776864
6305,0.9999999
6306,0.0061944425
6307,1.1920929e-07
6308,0.0
6309,1.1920929e-07
6310,0.13629904
6311,1.0
6312,2.3543835e-06
6313,0.99999857
6314,1.0
6315,0.0022148788
6316,1.0
6317,0.89278805
6318,0.99995697
6319,0.99487245
6320,0.08636862
6321,1.0
6322,0.0011369288
6323,0.011884421
6324,0.00053584576
6325,0.6313944
6326,0.9463798
6327,0.9999981
6328,0.93836296
6329,1.0
6330,0.00017029047
6331,1.4901161e-07
6332,0.17362708
6333,0.9469511
6334,1.1444092e-05
6335,0.9999993
6336,0.0
6337,1.0
6338,0.00014483929
6339,0.9996944
6340,1.0
6341,0.9674661
6342,0.99999726
6343,0.9999998
6344,0.999528
6345,8.940697e-08
6346,1.013279e-06
6347,0.0013173223
6348,0.0
6349,0.0
6350,0.0010021031
6351,1.0
6352,0.9996871
6353,0.999923
6354,1.0
6355,0.00039350986
6356,0.9858004
6357,0.9997109
6358,1.0
6359,0.0
6360,1.0
6361,0.9999872
6362,0.9998924
6363,2.7447939e-05
6364,1.0
6365,0.0028066933
6366,0.14058876
6367,0.0
6368,0.0028283596
6369,5.6117773e-05
6370,2.1457672e-06
6371,0.99999976
6372,0.0
6373,0.9994495
6374,0.25528336
6375,0.0
6376,0.99995327
6377,0.0
6378,1.0
6379,0.9999999
6380,1.0
6381,0.49373478
6382,1.0
6383,0.0
6384,1.0
6385,0.0016655326
6386,1.0
6387,1.0
6388,3.874302e-07
6389,0.0027756393
6390,0.9999975
6391,0.99159515
6392,0.030757457
6393,0.9935244
6394,1.0
6395,0.4379696
6396,0.99999934
6397,1.013279e-06
6398,1.0
6399,1.0
6400,0.991207
6401,0.0003926456
6402,0.9673463
6403,0.99999976
6404,0.0
6405,0.99999976
6406,1.0
6407,3.874302e-07
6408,1.0
6409,0.79176134
6410,0.9979276
6411,0.9992095
6412,2.3752451e-05
6413,1.0
6414,0.0
6415,0.10306063
6416,0.0
6417,1.0
6418,0.9999996
6419,2.3841858e-07
6420,1.0
6421,0.9736508
6422,0.00011447072
6423,0.951118
6424,5.6922436e-06
6425,0.99991643
6426,1.0
6427,1.0
6428,0.0
6429,0.35755426
6430,0.9999514
6431,0.012652427
6432,1.0
6433,0.99994063
6434,0.5842402
6435,1.0
6436,5.841255e-06
6437,0.99996114
6438,5.662441e-07
6439,0.99999887
6440,0.99998844
6441,0.0
6442,0.13133785
6443,0.71655256
6444,0.99999976
6445,0.0
6446,0.9999964
6447,0.68911374
6448,1.0
6449,5.9336424e-05
6450,1.7285347e-06
6451,0.99999964
6452,0.12455103
6453,0.020153433
6454,0.009679526
6455,0.94922
6456,0.9055939
6457,0.0
6458,0.990015
6459,1.0
6460,0.00022467971
6461,1.0
6462,0.006766677
6463,0.0007353425
6464,0.0006682873
6465,0.9999993
6466,1.0
6467,0.0
6468,0.9918908
6469,0.8663135
6470,0.44932884
6471,0.9354461
6472,0.99999356
6473,0.9989181
6474,0.0
6475,0.9992574
6476,1.0
6477,1.0
6478,1.0
6479,0.0
6480,0.9999884
6481,0.9995114
6482,0.0
6483,0.0036994517
6484,1.0
6485,1.0
6486,0.9994198
6487,0.0
6488,0.99999905
6489,1.0
6490,1.0
6491,0.0
6492,0.0035109222
6493,0.99999994
6494,0.00069755316
6495,1.0
6496,2.1755695e-06
6497,9.8615885e-05
6498,0.9999981
6499,0.0
6500,0.9999998
6501,6.145239e-05
6502,0.00011780858
6503,2.9802322e-08
6504,1.7881393e-07
6505,2.0861626e-07
6506,1.7285347e-06
6507,1.0
6508,0.8425138
6509,5.8054924e-05
6510,0.0
6511,1.0
6512,0.98207533
6513,0.9967976
6514,1.0
6515,0.9971912
6516,0.99999964
6517,0.8900728
6518,1.0
6519,1.0
6520,0.999959
6521,0.99999917
6522,0.32087526
6523,1.0
6524,1.0
6525,1.0
6526,1.0
6527,1.0
6528,1.0
6529,0.0
6530,1.0
6531,0.0
6532,9.790063e-05
6533,1.0
6534,0.9999999
6535,0.9999754
6536,0.01045534
6537,0.00036498904
6538,0.99907374
6539,1.0
6540,0.0
6541,0.0
6542,2.2649765e-06
6543,0.9996222
6544,1.0
6545,0.066661686
6546,0.0
6547,1.0
6548,0.97300076
6549,1.0
6550,0.0
6551,0.40860543
6552,0.0
6553,0.99999994
6554,1.0
6555,0.9989228
6556,2.9802322e-07
6557,0.9917152
6558,0.0
6559,1.0
6560,1.0
6561,0.7797839
6562,0.078750014
6563,1.0
6564,2.2739172e-05
6565,5.9604645e-08
6566,0.9999994
6567,2.1755695e-06
6568,3.2186508e-06
6569,0.9930797
6570,0.15246338
6571,0.004717678
6572,0.0
6573,0.98372084
6574,1.0
6575,1.0
6576,0.0
6577,0.0003721416
6578,0.9999502
6579,0.9837719
6580,0.9974911
6581,0.00017416477
6582,0.0
6583,0.9999997
6584,0.0
6585,0.99999636
6586,0.9999007
6587,1.6868114e-05
6588,0.4893312
6589,0.9985019
6590,0.99829257
6591,0.711048
6592,0.99999976
6593,0.9898716
6594,2.95043e-06
6595,0.000111311674
6596,0.24487361
6597,0.9957825
6598,1.0
6599,1.0
6600,1.4901161e-07
6601,0.003983736
6602,0.0
6603,1.0043383e-05
6604,0.0
6605,0.20453396
6606,0.017018676
6607,1.0
6608,1.0
6609,0.0014479756
6610,0.9985831
6611,0.017582744
6612,0.2842933
6613,0.034859836
6614,0.0
6615,0.00021198392
6616,0.0023193061
6617,0.963218
6618,0.0316647
6619,0.8668097
6620,0.0
6621,0.77558315
6622,0.9994863
6623,0.004504949
6624,0.22888955
6625,0.7004699
6626,0.9984902
6627,0.99490035
6628,0.0
6629,0.0
6630,0.0
6631,0.99999994
6632,0.95329285
6633,0.8725904
6634,0.01691717
6635,0.9999507
6636,1.0
6637,0.090032816
6638,1.0
6639,0.065408975
6640,0.00012814999
6641,2.8818846e-05
6642,1.0
6643,0.0
6644,3.874302e-07
6645,0.9999972
6646,0.94773626
6647,0.9999885
6648,0.97995394
6649,0.4034162
6650,0.0
6651,1.0
6652,0.07577002
6653,1.0
6654,0.99999034
6655,0.9908236
6656,1.9669533e-06
6657,1.0
6658,0.0
6659,2.9802322e-08
6660,0.00023829937
6661,1.0
6662,1.0460615e-05
6663,0.94205534
6664,1.129508e-05
6665,0.66160655
6666,0.9951472
6667,0.9986607
6668,0.9874603
6669,1.0
6670,1.0
6671,0.54488057
6672,0.0
6673,0.9999984
6674,2.9802322e-05
6675,1.0
6676,0.9156023
6677,0.9113944
6678,0.9999941
6679,0.0
6680,0.99621904
6681,0.9941929
6682,0.00013932586
6683,1.0
6684,1.0
6685,0.0
6686,0.9644723
6687,0.9999587
6688,1.0
6689,0.040751606
6690,2.425909e-05
6691,0.99895453
6692,0.99020827
6693,1.0
6694,1.0
6695,0.9169428
6696,0.9968492
6697,0.00014218688
6698,1.0
6699,0.26279148
6700,0.009798318
6701,0.0
6702,0.99669254
6703,3.913045e-05
6704,0.9999981
6705,0.99999297
6706,0.9908414
6707,0.9999776
6708,0.0
6709,0.99999905
6710,0.23865676
6711,0.0
6712,0.00035366416
6713,0.9999759
6714,0.0005775094
6715,1.0
6716,0.0
6717,2.3543835e-06
6718,0.9488805
6719,1.0
6720,5.662441e-07
6721,1.0
6722,1.0
6723,1.0
6724,1.0
6725,1.0
6726,1.0
6727,0.0
6728,0.0
6729,0.0
6730,0.9998036
6731,0.09512693
6732,0.86673814
6733,0.0
6734,0.7917305
6735,0.0
6736,0.0012195706
6737,0.99146736
6738,0.9295511
6739,8.940697e-08
6740,0.99997693
6741,1.0
6742,1.0
6743,1.0
6744,0.9767084
6745,1.0
6746,0.0
6747,1.0
6748,0.99012744
6749,0.0
6750,0.0
6751,0.9999985
6752,0.0
6753,0.99999535
6754,1.9073486e-06
6755,0.9992672
6756,1.2546778e-05
6757,1.0
6758,1.0
6759,1.9341707e-05
6760,5.3942204e-06
6761,0.0
6762,0.0005707145
6763,1.0
6764,1.0
6765,1.0
6766,1.0
6767,0.06553075
6768,0.0019684434
6769,0.9585999
6770,0.0
6771,0.999969
6772,0.02441436
6773,0.99943024
6774,0.9999997
6775,1.0
6776,1.0
6777,1.0
6778,1.3113022e-05
6779,0.9999996
6780,0.06632367
6781,0.97021353
6782,8.6426735e-07
6783,0.999982
6784,0.98521924
6785,1.0
6786,0.9999982
6787,1.0
6788,8.940697e-08
6789,3.0398369e-06
6790,1.0
6791,6.2584877e-07
6792,0.0
6793,0.00048980117
6794,1.0
6795,0.0
6796,2.503395e-06
6797,0.22897848
6798,4.172325e-07
6799,0.99998635
6800,1.1920929e-07
6801,0.9999974
6802,1.0
6803,1.0
6804,4.172325e-06
6805,0.17331803
6806,0.49789366
6807,0.0
6808,1.0
6809,3.2782555e-07
6810,1.0
6811,0.0
6812,0.9660958
6813,0.49278235
6814,0.49256283
6815,0.9995589
6816,4.1127205e-06
6817,0.9930961
6818,0.99998695
6819,0.0
6820,1.0
6821,0.0007253885
6822,0.00814572
6823,0.9998878
6824,0.36543494
6825,1.0
6826,0.9913584
6827,0.2778563
6828,0.051722705
6829,1.0
6830,1.0
6831,0.9948375
6832,0.99996555
6833,0.0036537647
6834,1.0
6835,0.0
6836,0.00030311942
6837,0.0
6838,0.9976987
6839,0.00095269084
6840,1.0
6841,6.2584877e-07
6842,5.438924e-05
6843,0.0001282394
6844,0.9999888
6845,1.0
6846,1.0
6847,0.0
6848,1.0
6849,0.008599788
6850,8.940697e-08
6851,1.0
6852,0.99868345
6853,1.0
6854,0.99991167
6855,0.9299444
6856,0.99998033
6857,0.19808394
6858,0.988341
6859,1.0
6860,0.0
6861,1.0
6862,1.0
6863,3.874302e-07
6864,0.18782863
6865,0.6329359
6866,1.0
6867,1.0
6868,1.0
6869,5.066395e-07
6870,8.672476e-06
6871,0.9999943
6872,1.0
6873,0.0029591024
6874,0.0
6875,0.9999929
6876,1.0
6877,0.93723583
6878,0.9999196
6879,0.0070314407
6880,0.00044965744
6881,0.9797387
6882,1.0
6883,1.0
6884,0.9999999
6885,0.0064127743
6886,0.0
6887,0.0
6888,0.0016703606
6889,2.9802322e-08
6890,0.9999018
6891,0.9196149
6892,2.9802322e-08
6893,1.0
6894,0.9846678
6895,0.0
6896,0.00044876337
6897,1.0
6898,7.1525574e-07
6899,0.3897536
6900,0.9999999
6901,0.11163327
6902,0.9993354
6903,0.0
6904,2.0563602e-06
6905,0.09617856
6906,0.53780246
6907,0.0
6908,0.00033918023
6909,0.5589086
6910,0.9999942
6911,0.9718728
6912,0.0
6913,0.5479139
6914,0.0
6915,0.089514405
6916,0.0
6917,0.9999914
6918,1.0
6919,3.3080578e-06
6920,0.9956474
6921,0.00028535724
6922,5.5491924e-05
6923,0.98340523
6924,0.9995877
6925,1.0
6926,0.49134552
6927,0.4358466
6928,1.0
6929,0.0
6930,0.99999285
6931,1.0
6932,5.662441e-07
6933,5.9604645e-08
6934,1.0
6935,0.9733826
6936,0.99999297
6937,1.9669533e-05
6938,0.99999976
6939,9.0032816e-05
6940,1.0
6941,0.0007557273
6942,0.9994414
6943,1.0
6944,0.644672
6945,5.364418e-07
6946,0.0
6947,0.0
6948,0.9997697
6949,0.99999976
6950,1.0
6951,8.940697e-08
6952,0.0010662675
6953,0.99488676
6954,0.0
6955,1.0
6956,6.2584877e-07
6957,0.9999852
6958,4.7683716e-07
6959,0.99959797
6960,1.0
6961,0.0
6962,0.99999785
6963,1.0
6964,0.9999363
6965,1.0
6966,0.0500713
6967,1.0
6968,0.0
6969,0.0013668835
6970,0.9999995
6971,1.0
6972,1.0
6973,4.9978495e-05
6974,0.943367
6975,0.999999
6976,0.10482785
6977,0.9923364
6978,0.0
6979,8.624792e-05
6980,2.9802322e-07
6981,1.0
6982,0.999962
6983,1.0
6984,1.0
6985,1.0
6986,0.9994057
6987,0.9999907
6988,0.9999999
6989,0.0042737126
6990,0.037109584
6991,0.5228618
6992,1.0
6993,1.0
6994,0.0
6995,1.7881393e-07
6996,1.0
6997,0.9807373
6998,1.0
6999,0.0034199953
7000,0.99959755
7001,0.0039883554
7002,0.7827555
7003,0.34283078
7004,0.866156
7005,8.940697e-08
7006,1.0
7007,0.9998405
7008,0.0019343495
7009,1.0
7010,0.024006069
7011,3.9339066e-06
7012,0.19383588
7013,0.0
7014,0.67926294
7015,0.0
7016,0.01617971
7017,0.27013797
7018,1.0
7019,1.1622906e-06
7020,1.0
7021,1.0
7022,1.0
7023,1.0
7024,1.0
7025,1.1920929e-07
7026,0.0
7027,0.018828869
7028,0.4288243
7029,0.0011957288
7030,0.99987185
7031,0.0
7032,0.99739146
7033,1.0
7034,0.2601056
7035,1.0
7036,1.4901161e-07
7037,1.5556812e-05
7038,0.0
7039,0.78010976
7040,1.0
7041,0.9999902
7042,8.940697e-08
7043,1.6629696e-05
7044,0.99888706
7045,0.9999999
7046,0.99936855
7047,1.0
7048,0.0
7049,0.9995103
7050,0.00045499206
7051,0.996444
7052,0.15957043
7053,1.0
7054,1.0
7055,0.0
7056,0.063797385
7057,3.1739473e-05
7058,0.00044226646
7059,0.0
7060,0.0
7061,1.0
7062,0.7843225
7063,0.96696544
7064,0.0
7065,0.2920041
7066,0.0
7067,5.066395e-07
7068,0.991413
7069,1.0
7070,0.0008960664
7071,0.058636993
7072,1.0
7073,0.9999837
7074,0.00534907
7075,0.9999988
7076,5.9604645e-08
7077,0.9999382
7078,0.008870631
7079,0.014500737
7080,1.0
7081,0.99999994
7082,0.9642977
7083,1.0
7084,0.6611555
7085,0.0075062215
7086,0.9999928
7087,0.0
7088,0.9980282
7089,0.00015193224
7090,6.145239e-05
7091,0.9701576
7092,0.41653097
7093,5.313754e-05
7094,0.97411823
7095,0.99283147
7096,7.802248e-05
7097,0.0
7098,0.9939872
7099,0.9999974
7100,0.24856427
7101,1.0
7102,1.0
7103,0.046675086
7104,0.0
7105,0.051270366
7106,1.0
7107,0.09903917
7108,0.0
7109,0.8905769
7110,1.0
7111,1.7881393e-07
7112,0.0015154183
7113,0.2079688
7114,0.6532384
7115,0.9999999
7116,2.7030706e-05
7117,0.7158011
7118,1.0
7119,1.0
7120,2.232194e-05
7121,1.0
7122,0.99999976
7123,0.99999946
7124,0.0
7125,1.013279e-06
7126,1.0
7127,1.0
7128,2.8908253e-06
7129,0.99904084
7130,0.9999908
7131,0.99236214
7132,9.089708e-06
7133,0.0
7134,0.0036714673
7135,0.9999995
7136,0.99999964
7137,2.0861626e-07
7138,1.0
7139,1.0
7140,0.97394097
7141,0.5234439
7142,0.0
7143,1.0
7144,0.0145068765
7145,0.99955595
7146,0.99751276
7147,0.9999975
7148,1.0
7149,0.7592374
7150,0.000659734
7151,2.6226044e-06
7152,0.0
7153,6.6667795e-05
7154,1.0
7155,0.99999976
7156,0.0
7157,1.0
7158,0.0
7159,1.0
7160,0.99999976
7161,1.0
7162,0.9999977
7163,8.940697e-08
7164,3.6656857e-06
7165,3.20971e-05
7166,0.0
7167,0.8282934
7168,0.95450425
7169,0.99999994
7170,0.99993545
7171,1.0
7172,0.12743878
7173,0.010509968
7174,0.003344506
7175,0.9999995
7176,0.009283334
7177,5.9604645e-08
7178,0.99969184
7179,1.0
7180,5.662441e-07
7181,0.04104778
7182,1.0
7183,0.004942745
7184,0.99978316
7185,1.0
7186,1.0
7187,1.0
7188,0.9482916
7189,0.99999917
7190,1.0
7191,0.9815137
7192,1.0
7193,0.24343503
7194,0.0014722645
7195,0.0
7196,8.940697e-08
7197,1.0
7198,0.0
7199,4.23193e-06
7200,3.2782555e-07
7201,0.9999974
7202,0.0
7203,0.85292006
7204,0.0
7205,0.45882905
7206,0.9992862
7207,0.9994853
7208,0.003570348
7209,1.0
7210,0.0009331703
7211,0.0
7212,1.0
7213,0.9994439
7214,0.0
7215,1.0
7216,0.9978232
7217,0.00026723742
7218,0.0
7219,0.9903806
7220,0.99915075
7221,0.9989332
7222,1.0
7223,0.013705939
7224,0.06792611
7225,0.00014930964
7226,0.33407056
7227,1.0
7228,1.0
7229,1.1026859e-05
7230,0.99999976
7231,1.2516975e-06
7232,0.9888047
7233,0.0
7234,4.118681e-05
7235,0.9999987
7236,0.0
7237,0.9986637
7238,0.0016756952
7239,0.0
7240,1.0
7241,1.0
7242,1.0
7243,1.0
7244,1.0
7245,0.000261873
7246,0.00018149614
7247,0.99974036
7248,0.0
7249,1.0
7250,2.0176172e-05
7251,0.9999987
7252,2.0861626e-07
7253,1.0
7254,0.9999937
7255,0.92721146
7256,1.0
7257,0.0003618002
7258,0.0
7259,0.99999833
7260,0.0
7261,1.0
7262,0.0011740029
7263,1.0
7264,0.90933025
7265,0.99999994
7266,1.0
7267,0.0
7268,0.0
7269,0.9999996
7270,2.5123358e-05
7271,0.99999994
7272,1.0
7273,0.9999662
7274,0.33584172
7275,0.9203659
7276,1.0
7277,1.0
7278,1.0
7279,1.0
7280,5.0783157e-05
7281,0.0017210841
7282,1.0
7283,0.00026538968
7284,0.0
7285,1.0
7286,1.0
7287,0.0
7288,0.12271309
7289,0.98628724
7290,0.33840203
7291,0.005048454
7292,1.0
7293,0.000579685
7294,0.9995004
7295,0.99210465
7296,0.004831314
7297,0.0011481941
7298,1.0
7299,0.0053397417
7300,0.00018551946
7301,1.0
7302,0.0
7303,0.99974835
7304,9.047985e-05
7305,0.0040031075
7306,0.055909634
7307,1.1622906e-06
7308,0.9999976
7309,0.031220883
7310,0.0
7311,0.51248264
7312,0.0
7313,0.0
7314,1.0
7315,0.9999999
7316,0.0
7317,1.0
7318,1.0
7319,1.0
7320,0.33918303
7321,0.99999505
7322,0.5420268
7323,2.682209e-07
7324,0.9999981
7325,0.9241098
7326,1.0
7327,1.0
7328,1.0
7329,1.0
7330,1.0
7331,0.0115403235
7332,0.0016261339
7333,0.9901124
7334,1.0
7335,0.0
7336,1.0
7337,0.14930543
7338,0.5826111
7339,0.0
7340,0.9938403
7341,0.0
7342,5.7816505e-06
7343,0.0
7344,0.99990785
7345,1.0
7346,2.130866e-05
7347,1.0
7348,0.9700021
7349,1.0
7350,1.1920929e-06
7351,2.169609e-05
7352,1.0
7353,2.9802322e-08
7354,0.9897629
7355,0.00032025576
7356,1.0
7357,0.0
7358,0.57325983
7359,1.0
7360,0.0
7361,1.0
7362,0.0
7363,0.00213027
7364,0.9827968
7365,1.0
7366,0.99963236
7367,0.9999998
7368,8.2969666e-05
7369,1.0
7370,0.735904
7371,0.99964964
7372,0.011154771
7373,5.2571297e-05
7374,0.99994016
7375,1.0
7376,1.0
7377,0.9998807
7378,8.940697e-08
7379,0.64973605
7380,0.031253546
7381,0.7782113
7382,1.0
7383,0.999943
7384,0.007535875
7385,0.9999928
7386,0.0545429
7387,1.0
7388,0.23045966
7389,1.7881393e-07
7390,1.0
7391,1.4901161e-06
7392,0.938115
7393,0.9999466
7394,0.9987403
7395,2.9802322e-08
7396,0.093523026
7397,0.9999741
7398,5.9604645e-08
7399,2.0861626e-07
7400,0.0
7401,0.0
7402,0.9999703
7403,0.9998723
7404,1.0
7405,1.0
7406,0.99983895
7407,1.0
7408,0.0053440034
7409,0.0
7410,0.0058425963
7411,0.6875762
7412,0.0
7413,0.0
7414,0.029479533
7415,1.0
7416,0.0
7417,0.3272186
7418,8.940697e-08
7419,0.9777547
7420,0.0070857704
7421,0.9992541
7422,0.0014908016
7423,1.0
7424,1.0
7425,7.56979e-06
7426,0.83139664
7427,1.0
7428,0.16338298
7429,0.0
7430,0.0
7431,1.0
7432,0.00029486418
7433,0.0003569126
7434,3.8444996e-06
7435,0.0
7436,1.3411045e-06
7437,0.018800408
7438,0.9938624
7439,0.9999992
7440,0.30753297
7441,1.0
7442,0.99968296
7443,0.04170564
7444,0.0
7445,6.9737434e-06
7446,1.0
7447,0.0
7448,0.0011532009
7449,0.9999871
7450,1.0
7451,0.0
7452,1.0
7453,0.89736944
7454,1.0
7455,1.0
7456,0.0
7457,0.088320464
7458,0.0
7459,1.0
7460,1.5497208e-06
7461,0.9316132
7462,0.043557167
7463,0.93356097
7464,1.0
7465,1.0
7466,1.0
7467,0.9967902
7468,1.0
7469,0.00043085217
7470,0.6444737
7471,1.1920929e-07
7472,0.98335516
7473,0.92211056
7474,0.9999849
7475,1.0
7476,1.0
7477,0.99895835
7478,1.0
7479,2.9802322e-08
7480,0.65436214
7481,1.0
7482,1.0
7483,0.00016611814
7484,0.967046
7485,1.1205673e-05
7486,1.0
7487,0.0021644533
7488,0.9999844
7489,1.0
7490,0.0
7491,0.9999756
7492,0.9999997
7493,0.007228762
7494,0.0
7495,0.99120355
7496,0.9863102
7497,0.25875792
7498,0.008468211
7499,0.9956058
7500,0.99999654
7501,1.0
7502,1.0
7503,0.9998642
7504,0.99233294
7505,0.9999944
7506,0.9921588
7507,0.9999987
7508,0.9397483
7509,0.9984007
7510,1.0
7511,0.0
7512,6.854534e-07
7513,1.0
7514,3.5762787e-07
7515,0.9899876
7516,1.4901161e-07
7517,0.0013706684
7518,0.99887204
7519,1.0
7520,0.9999924
7521,0.99332047
7522,0.9978337
7523,1.0
7524,0.0
7525,0.99996436
7526,5.9604645e-08
7527,2.026558e-06
7528,8.940697e-08
7529,0.0
7530,1.1920929e-07
7531,0.99999976
7532,0.00019961596
7533,0.4401151
7534,0.0039533973
7535,1.0
7536,0.99883515
7537,0.37909615
7538,1.0
7539,0.9998898
7540,0.06842908
7541,0.0
7542,0.8971511
7543,0.9924011
7544,1.0
7545,0.00013327599
7546,0.12090191
7547,2.8014183e-05
7548,0.0023123324
7549,2.2262335e-05
7550,0.00011461973
7551,1.0
7552,0.99994266
7553,0.0013606548
7554,0.99955827
7555,0.9999999
7556,0.9999999
7557,1.0
7558,0.8284907
7559,0.916157
7560,0.0021926165
7561,0.6462593
7562,1.0
7563,0.94981325
7564,0.00032511353
7565,0.9999986
7566,0.0
7567,0.28459153
7568,0.99999976
7569,3.4570694e-06
7570,1.0
7571,1.0
7572,0.0
7573,1.0
7574,1.0
7575,0.00036025047
7576,8.097291e-05
7577,1.0
7578,0.9999998
7579,0.0
7580,0.0004916787
7581,1.0
7582,0.0
7583,1.0
7584,0.00028917193
7585,0.99722415
7586,0.002219826
7587,1.0
7588,1.0
7589,7.122755e-06
7590,0.005903721
7591,0.0
7592,0.0
7593,0.15065268
7594,1.7762184e-05
7595,0.0039501786
7596,0.0
7597,0.9999994
7598,0.0
7599,0.0
7600,0.8799919
7601,0.9999997
7602,0.0
7603,0.79184127
7604,0.0004298985
7605,1.0
7606,1.0
7607,2.9802322e-08
7608,1.0
7609,0.09455639
7610,0.9999999
7611,0.6919806
7612,0.000762254
7613,1.0
7614,0.00090903044
7615,0.98413765
7616,0.9999996
7617,5.3346157e-06
7618,0.99999994
7619,0.018897414
7620,0.1071299
7621,0.9987317
7622,1.0
7623,0.9999975
7624,0.0021716356
7625,0.0
7626,0.0
7627,0.0003296733
7628,0.00024172664
7629,0.0
7630,0.0027177036
7631,5.662441e-07
7632,0.0
7633,0.0
7634,0.0
7635,0.9999995
7636,0.9998464
7637,0.020937204
7638,0.80091584
7639,0.0001705885
7640,0.99999976
7641,1.0
7642,0.0
7643,0.83523315
7644,0.8140776
7645,0.013122767
7646,8.666515e-05
7647,0.08438769
7648,0.9999958
7649,0.9999999
7650,1.0
7651,0.9999765
7652,0.020671755
7653,9.635091e-05
7654,1.0
7655,0.9997449
7656,0.0
7657,0.0002503693
7658,8.940697e-08
7659,1.0
7660,0.9995706
7661,2.682209e-07
7662,1.0
7663,0.029375196
7664,0.99999994
7665,1.0
7666,0.00020709634
7667,1.0
7668,1.0
7669,0.99999434
7670,5.301833e-05
7671,0.10777545
7672,4.091859e-05
7673,0.03964144
7674,0.99999964
7675,0.0
7676,0.99999964
7677,1.0
7678,2.0325184e-05
7679,0.0
7680,1.0
7681,0.9999972
7682,0.60020936
7683,0.9574362
7684,0.2610368
7685,0.03818077
7686,0.97050947
7687,1.0
7688,1.0
7689,1.0
7690,1.4007092e-06
7691,0.0
7692,0.7788576
7693,0.9997889
7694,0.99999994
7695,0.9986885
7696,0.37052557
7697,1.0
7698,0.98049915
7699,1.0
7700,0.9999726
7701,0.0
7702,1.0
7703,0.99999774
7704,0.99999595
7705,0.9932445
7706,1.2516975e-06
7707,1.0
7708,0.9957825
7709,0.0
7710,0.0
7711,0.02026388
7712,0.02270484
7713,0.0
7714,1.0
7715,1.0
7716,6.622076e-05
7717,1.14142895e-05
7718,0.0018991232
7719,0.99999994
7720,1.7881393e-07
7721,0.0
7722,0.99996394
7723,1.0
7724,1.66893e-05
7725,1.0
7726,0.0038125813
7727,1.0
7728,1.0
7729,4.133582e-05
7730,0.0
7731,1.0
7732,0.0
7733,0.99999994
7734,8.6426735e-07
7735,0.99999833
7736,0.2256769
7737,0.9998019
7738,0.7635317
7739,1.0
7740,0.010231316
7741,1.0
7742,0.9999999
7743,8.940697e-08
7744,0.0
7745,5.877018e-05
7746,1.0
7747,1.0
7748,0.0026558936
7749,0.96329784
7750,0.9904521
7751,5.9604645e-08
7752,0.020245612
7753,0.51898116
7754,1.0
7755,0.00087329745
7756,0.0
7757,0.59892595
7758,0.0048277676
7759,0.0
7760,1.0
7761,1.0
7762,0.9996079
7763,0.0
7764,0.9999933
7765,5.4895878e-05
7766,0.0
7767,0.9998523
7768,1.0
7769,0.17673251
7770,0.99971116
7771,1.0
7772,0.32167593
7773,0.5822705
7774,0.0
7775,0.99767554
7776,0.5986047
7777,0.007514894
7778,0.085660696
7779,0.99999875
7780,0.99972034
7781,0.9895457
7782,0.48924816
7783,1.0
7784,0.0
7785,0.999997
7786,1.0
7787,1.0
7788,8.940697e-08
7789,1.0
7790,1.0
7791,1.0
7792,3.5464764e-06
7793,0.99999964
7794,0.10995364
7795,1.0
7796,0.08061221
7797,2.0861626e-07
7798,0.99999964
7799,1.0
7800,0.8434518
7801,0.0
7802,0.9999947
7803,0.0
7804,0.7855974
7805,0.9995062
7806,0.1666393
7807,0.96102047
7808,0.35406077
7809,1.0
7810,1.0
7811,1.0
7812,1.0
7813,0.13833743
7814,0.0014258921
7815,4.4703484e-07
7816,1.0
7817,0.99999964
7818,0.9480507
7819,2.5212765e-05
7820,0.0
7821,0.052382946
7822,1.0
7823,0.99999475
7824,0.9997057
7825,1.2814999e-06
7826,1.0
7827,0.0026080906
7828,0.0
7829,0.0
7830,3.516674e-06
7831,1.0
7832,0.0024878085
7833,8.940697e-08
7834,0.59577334
7835,0.00027313828
7836,0.14599815
7837,0.054603934
7838,1.0
7839,0.0009544194
7840,1.0
7841,0.0
7842,0.006018102
7843,0.99997157
7844,1.0
7845,1.0
7846,0.12149647
7847,1.0
7848,1.0
7849,1.0
7850,0.9121323
7851,1.0
7852,0.9978671
7853,0.029961824
7854,1.0
7855,0.67829454
7856,0.9999999
7857,0.93509805
7858,0.9977039
7859,0.0004698038
7860,0.0
7861,1.0
7862,1.3709068e-06
7863,1.0
7864,0.0
7865,0.035861075
7866,0.00016719103
7867,0.01604554
7868,1.0
7869,0.0
7870,1.0
7871,1.0
7872,1.0
7873,0.9997963
7874,0.00030896068
7875,0.0041772723
7876,0.74492294
7877,1.0
7878,0.88104224
7879,0.0
7880,0.0
7881,1.0
7882,0.0
7883,1.0
7884,0.5321864
7885,1.0
7886,1.0
7887,0.00061905384
7888,0.99977696
7889,1.0
7890,0.0030983984
7891,9.536743e-07
7892,1.0
7893,0.99223435
7894,0.006440878
7895,0.9999168
7896,0.0
7897,0.9413763
7898,1.6838312e-05
7899,1.0
7900,0.7398275
7901,0.0
7902,0.0
7903,0.0017117262
7904,0.0
7905,1.719594e-05
7906,0.0
7907,0.0
7908,1.0430813e-05
7909,2.8580427e-05
7910,0.0
7911,1.0
7912,0.001868695
7913,4.2021275e-06
7914,0.0
7915,0.004258126
7916,0.0
7917,0.677485
7918,7.9900026e-05
7919,0.012679577
7920,0.84571785
7921,3.811717e-05
7922,1.0
7923,1.0
7924,0.9999982
7925,0.00077444315
7926,0.0016596615
7927,1.2516975e-06
7928,0.9577443
7929,0.010804474
7930,0.9996897
7931,1.0
7932,1.0
7933,0.0
7934,0.8380963
7935,0.99997485
7936,0.99994946
7937,5.90384e-05
7938,4.5329332e-05
7939,2.771616e-06
7940,0.0
7941,1.3113022e-06
7942,0.0
7943,0.07255709
7944,0.9922781
7945,0.00016751885
7946,1.2516975e-06
7947,1.0
7948,0.0014037192
7949,0.0
7950,0.9593768
7951,0.99999976
7952,0.29610956
7953,0.0
7954,0.9619738
7955,0.0
7956,0.99907994
7957,0.58275694
7958,0.054139227
7959,0.0
7960,0.00048038363
7961,1.0
7962,0.48378357
7963,0.060195923
7964,0.9998486
7965,0.43151945
7966,0.0017148852
7967,2.9802322e-08
7968,0.0
7969,1.0
7970,0.99865186
7971,0.99997526
7972,0.0
7973,0.31828675
7974,1.0
7975,3.3974648e-06
7976,0.0039255023
7977,1.0
7978,0.86796415
7979,0.77317643
7980,1.0
7981,5.9604645e-08
7982,2.2649765e-06
7983,7.233024e-05
7984,0.04116276
7985,0.9077836
7986,0.0
7987,1.0
7988,1.1920929e-07
7989,0.01762399
7990,7.212162e-06
7991,1.0
7992,0.98105514
7993,4.339218e-05
7994,0.0
7995,0.0
7996,0.99977446
7997,0.0
7998,0.9099651
7999,1.0
8000,1.0
8001,0.9999992
8002,0.0063250363
8003,0.07197508
8004,1.0
8005,0.9999999
8006,4.6551228e-05
8007,0.00022730231
8008,0.00026395917
8009,2.4437904e-06
8010,1.0
8011,1.0
8012,1.5497208e-06
8013,0.99997354
8014,6.2286854e-06
8015,0.021257788
8016,0.9979198
8017,0.0
8018,0.9999582
8019,0.6176341
8020,0.0006932914
8021,0.99994516
8022,0.9999999
8023,0.014478952
8024,0.0736635
8025,1.0
8026,1.0
8027,1.0
8028,0.0014627278
8029,0.060596913
8030,1.0
8031,1.1920929e-06
8032,0.68755317
8033,2.9593706e-05
8034,0.0
8035,0.0
8036,0.99528855
8037,1.0
8038,0.0
8039,1.0
8040,0.013086975
8041,1.1920929e-07
8042,0.99988765
8043,0.99022996
8044,1.0
8045,0.9814904
8046,0.1474858
8047,4.7683716e-07
8048,0.00026720762
8049,0.07785529
8050,0.9999464
8051,1.0
8052,0.108986914
8053,0.9163815
8054,9.506941e-06
8055,0.00015845895
8056,0.030945241
8057,0.009987146
8058,0.9542477
8059,1.0
8060,0.0009254515
8061,6.556511e-07
8062,0.81577826
8063,2.348423e-05
8064,0.98695576
8065,0.0
8066,0.00063475966
8067,1.0
8068,1.9669533e-06
8069,1.0
8070,8.046627e-07
8071,0.0
8072,0.16224912
8073,1.0
8074,0.050890267
8075,0.020974487
8076,0.07392669
8077,0.0
8078,0.9999689
8079,0.0
8080,1.0
8081,0.0
8082,0.12277648
8083,1.0
8084,0.99999994
8085,0.9999734
8086,1.0
8087,0.97808367
8088,0.074855745
8089,0.09589416
8090,0.9617103
8091,0.0014548898
8092,0.060390115
8093,0.9999744
8094,1.0
8095,1.0
8096,0.9509996
8097,0.009574145
8098,0.22877863
8099,1.0
8100,0.9998808
8101,1.6987324e-06
8102,0.98985314
8103,1.0
8104,5.045533e-05
8105,1.0
8106,0.0007184446
8107,0.0
8108,0.0
8109,0.026049554
8110,0.9999999
8111,0.0
8112,1.0
8113,0.00012981892
8114,0.0
8115,1.0
8116,0.0
8117,0.006593585
8118,0.0
8119,0.0
8120,8.940697e-08
8121,0.0013596117
8122,0.9983442
8123,4.7683716e-07
8124,0.00015756488
8125,1.0
8126,0.99996114
8127,1.0
8128,0.0
8129,0.0
8130,1.0
8131,0.00034850836
8132,0.9999751
8133,8.094311e-05
8134,8.1032515e-05
8135,1.0
8136,3.874302e-07
8137,0.0
8138,0.99999994
8139,0.0002925694
8140,0.0
8141,0.0014161468
8142,1.0
8143,1.0
8144,1.0
8145,0.0
8146,9.7453594e-05
8147,0.99999976
8148,0.9998896
8149,1.0
8150,1.0
8151,0.0
8152,6.824732e-06
8153,1.0
8154,0.77625304
8155,0.07558635
8156,1.0
8157,0.00021931529
8158,0.7235817
8159,5.364418e-07
8160,1.0
8161,0.9992926
8162,1.0
8163,0.6472026
8164,0.091021776
8165,0.0
8166,0.10952833
8167,1.0
8168,1.847744e-06
8169,1.0
8170,0.0
8171,1.0
8172,0.99999475
8173,0.0
8174,0.00015592575
8175,0.99998415
8176,1.0
8177,0.9996223
8178,0.99976254
8179,1.0
8180,1.4305115e-06
8181,0.7768693
8182,0.999911
8183,1.0
8184,1.0
8185,0.52015084
8186,0.0
8187,0.01611054
8188,0.1008091
8189,1.2457371e-05
8190,1.0
8191,1.0
8192,0.9999664
8193,1.1920929e-07
8194,0.0
8195,0.0
8196,1.0
8197,0.9999862
8198,1.0
8199,0.0
8200,0.73976254
8201,0.00027623773
8202,0.0
8203,1.0
8204,1.0
8205,0.0
8206,3.0398369e-06
8207,2.9802322e-08
8208,0.01534155
8209,0.9999955
8210,1.1920929e-07
8211,0.0
8212,0.0
8213,0.0
8214,0.0001834929
8215,0.96534276
8216,0.99999833
8217,0.6722893
8218,1.0
8219,0.00022944808
8220,1.0
8221,0.8306409
8222,0.0
8223,8.7708235e-05
8224,0.9999924
8225,7.748604e-07
8226,0.0
8227,0.00014856458
8228,1.1920929e-07
8229,0.99706864
8230,0.99999416
8231,0.00036215782
8232,1.0
8233,0.9996389
8234,0.012843668
8235,0.04684159
8236,1.1622906e-06
8237,0.00030347705
8238,1.0
8239,0.0440152
8240,0.0
8241,1.0
8242,0.0
8243,1.0
8244,0.0
8245,0.56292415
8246,2.5331974e-06
8247,0.9964823
8248,1.0
8249,2.2530556e-05
8250,0.25217578
8251,4.518032e-05
8252,0.0009716749
8253,0.9999998
8254,0.074920535
8255,0.0035620034
8256,1.0
8257,8.6426735e-07
8258,0.0032492578
8259,0.0
8260,0.8439895
8261,1.0
8262,1.0
8263,0.00024065375
8264,0.94248843
8265,1.0
8266,1.0
8267,5.4836273e-06
8268,1.0
8269,0.9999998
8270,0.0
8271,0.99885976
8272,0.0
8273,1.0
8274,0.89855325
8275,0.0
8276,1.0
8277,0.0017137825
8278,0.7559016
8279,0.35577333
8280,0.99732065
8281,0.987476
8282,0.0
8283,0.99999976
8284,0.0
8285,0.006181568
8286,0.0
8287,0.9990603
8288,0.99987084
8289,0.9026169
8290,1.0
8291,1.0
8292,1.0
8293,0.0012836158
8294,0.9874368
8295,0.9965209
8296,0.35554007
8297,0.0
8298,0.0
8299,1.0
8300,2.9802322e-08
8301,1.0
8302,1.0
8303,1.0
8304,4.172325e-07
8305,0.9652742
8306,0.009913206
8307,0.9999995
8308,0.00067558885
8309,1.1920929e-07
8310,0.0032726228
8311,0.99767554
8312,9.173155e-05
8313,0.24868011
8314,1.0
8315,0.09783369
8316,0.9999999
8317,1.0
8318,0.8798772
8319,0.0
8320,0.0
8321,1.0
8322,0.99963635
8323,1.0
8324,0.0
8325,0.0
8326,0.9999776
8327,0.9999987
8328,0.0
8329,0.95435524
8330,1.0
8331,1.0
8332,0.027843773
8333,1.0
8334,0.13120905
8335,0.04551691
8336,0.8289387
8337,1.0
8338,0.9963435
8339,8.940697e-08
8340,0.00048932433
8341,1.0
8342,0.99243915
8343,1.0
8344,0.47287533
8345,0.9999998
8346,0.42605114
8347,0.9999975
8348,0.99996924
8349,1.0
8350,1.0
8351,0.99995816
8352,1.4901161e-07
8353,0.0
8354,1.5348196e-05
8355,0.0
8356,0.9989871
8357,1.0
8358,0.0
8359,1.0
8360,0.0
8361,1.0
8362,0.0
8363,1.0
8364,0.28781033
8365,0.056129575
8366,0.99977493
8367,0.0
8368,0.18523684
8369,1.0
8370,0.99999785
8371,2.0623207e-05
8372,0.99868345
8373,0.22270942
8374,1.0
8375,1.0
8376,0.0
8377,1.0
8378,9.23872e-07
8379,6.8843365e-06
8380,0.9999997
8381,0.010049969
8382,0.9858484
8383,1.0
8384,8.940697e-08
8385,0.93718004
8386,0.9987402
8387,0.0081296265
8388,1.0
8389,0.9085857
8390,0.0
8391,0.981409
8392,0.99999976
8393,1.0
8394,0.0
8395,0.9999988
8396,1.0
8397,1.0
8398,0.0
8399,0.49256283
8400,0.1165995
8401,1.0
8402,0.0
8403,0.0018816888
8404,0.99989986
8405,0.06588313
8406,0.123212695
8407,1.0
8408,0.0
8409,8.940697e-08
8410,1.0
8411,0.72118264
8412,0.99998367
8413,1.0
8414,0.54464746
8415,0.9991203
8416,0.0011131763
8417,2.8967857e-05
8418,1.0
8419,0.9996208
8420,0.99999416
8421,0.0
8422,0.00041258335
8423,0.9969141
8424,0.26206732
8425,1.0
8426,4.1097403e-05
8427,0.61791706
8428,0.5250538
8429,1.0
8430,0.00082200766
8431,0.0
8432,1.0
8433,0.23224539
8434,0.0051248968
8435,0.047769696
8436,0.00016522408
8437,2.9802322e-08
8438,0.9999984
8439,0.0
8440,6.020069e-05
8441,1.0
8442,0.0
8443,0.999965
8444,1.0
8445,1.0
8446,0.9999998
8447,0.9950336
8448,0.9893743
8449,0.9999975
8450,0.0
8451,0.00010225177
8452,1.0
8453,0.0
8454,0.9999391
8455,6.2584877e-06
8456,0.67001426
8457,1.013279e-06
8458,0.9997164
8459,3.33786e-06
8460,0.9997696
8461,1.0
8462,1.0
8463,0.9985386
8464,1.0
8465,1.7881393e-07
8466,0.00012168288
8467,0.7518509
8468,0.9999998
8469,1.0
8470,0.0003516376
8471,1.4901161e-07
8472,1.0
8473,0.9995401
8474,1.0
8475,0.9996337
8476,0.0011227131
8477,0.4171669
8478,0.9989049
8479,5.9604645e-08
8480,0.0007815659
8481,1.0
8482,1.0
8483,1.0
8484,2.4795532e-05
8485,0.0
8486,1.0
8487,1.0
8488,0.00030440092
8489,8.228421e-05
8490,0.01599297
8491,0.999998
8492,0.9767709
8493,0.9661895
8494,0.9999995
8495,0.99999964
8496,0.0
8497,0.0
8498,0.0012339354
8499,0.0
8500,1.0
8501,1.0
8502,0.00026518106
8503,1.0
8504,1.0
8505,1.0
8506,1.0
8507,0.0
8508,0.999998
8509,0.7913329
8510,0.9245655
8511,1.7523766e-05
8512,0.003950715
8513,0.0089688
8514,0.0
8515,0.06285906
8516,1.0
8517,2.9802322e-08
8518,1.0
8519,0.0
8520,0.00015175343
8521,1.0
8522,1.0
8523,2.4437904e-06
8524,1.0
8525,0.00018468499
8526,0.038687676
8527,0.9258013
8528,0.018627048
8529,0.0159038
8530,0.999998
8531,0.0
8532,0.0010346472
8533,0.99461114
8534,0.9999173
8535,0.9999998
8536,4.7683716e-07
8537,0.99999994
8538,0.995819
8539,0.99999994
8540,0.9994954
8541,1.0
8542,0.9973905
8543,0.008497894
8544,0.9989401
8545,1.0
8546,1.0
8547,1.0
8548,1.0
8549,0.9999637
8550,6.020069e-06
8551,1.0
8552,0.0
8553,0.9904412
8554,3.838539e-05
8555,0.15548494
8556,0.64273405
8557,0.0
8558,0.9999988
8559,3.6358833e-06
8560,0.9999714
8561,0.9999968
8562,0.0015399456
8563,0.0
8564,0.15468216
8565,0.9941369
8566,0.0
8567,4.1216612e-05
8568,0.99999976
8569,1.0
8570,0.9994501
8571,0.9999964
8572,1.0
8573,1.0
8574,0.9999998
8575,1.0
8576,0.00608477
8577,0.9999995
8578,0.9999999
8579,0.017671376
8580,1.0
8581,0.008304656
8582,0.0
8583,1.6093254e-06
8584,1.0
8585,0.01277101
8586,0.0
8587,0.4132341
8588,1.0
8589,1.0
8590,1.0
8591,0.9999994
8592,1.0
8593,1.0
8594,1.0
8595,0.0877195
8596,0.99999815
8597,0.14540651
8598,0.86514825
8599,0.009306222
8600,0.99999195
8601,1.0
8602,0.1496262
8603,0.80631816
8604,0.49394804
8605,2.9802322e-08
8606,0.9763044
8607,0.0
8608,1.7881393e-05
8609,0.9999687
8610,0.76702815
8611,1.0
8612,1.0
8613,1.0
8614,0.0007902384
8615,0.9966881
8616,8.940697e-08
8617,2.3454428e-05
8618,0.0
8619,0.0
8620,1.0
8621,0.0
8622,0.47593194
8623,0.0011349022
8624,0.99980783
8625,0.9999362
8626,0.014788717
8627,0.0
8628,0.87633556
8629,1.0
8630,0.9562203
8631,1.0
8632,0.0095002055
8633,1.0
8634,1.0
8635,0.99993765
8636,1.0
8637,1.0
8638,4.4614077e-05
8639,0.09175131
8640,0.9998082
8641,0.0
8642,0.0
8643,1.0
8644,0.99271023
8645,7.492304e-05
8646,0.99999845
8647,0.0011278987
8648,1.1920929e-07
8649,0.5783763
8650,1.0
8651,0.005224228
8652,3.1590462e-06
8653,1.1920929e-07
8654,2.9802322e-08
8655,1.0
8656,0.987566
8657,1.0
8658,0.015171647
8659,0.82369083
8660,8.493662e-06
8661,0.0010082722
8662,0.0
8663,1.0
8664,0.8067399
8665,8.484721e-05
8666,1.0
8667,3.6358833e-06
8668,0.00034949183
8669,1.0
8670,0.13619491
8671,0.0
8672,0.99999964
8673,0.001011312
8674,0.05462426
8675,0.32216668
8676,0.99935764
8677,0.99973935
8678,0.88418484
8679,0.23022145
8680,1.0
8681,1.0
8682,0.0
8683,0.0
8684,1.0
8685,0.0
8686,1.0
8687,1.0
8688,0.004842818
8689,0.0
8690,1.0
8691,1.0
8692,0.929605
8693,0.99986154
8694,0.003302157
8695,0.65639055
8696,5.811453e-05
8697,1.0
8698,1.0
8699,1.0073185e-05
8700,0.9999856
8701,0.6844249
8702,0.037353516
8703,0.0
8704,0.0
8705,2.7120113e-05
8706,1.0
8707,1.0
8708,2.9802322e-08
8709,0.9999436
8710,0.0685142
8711,0.001162678
8712,1.0
8713,0.9974104
8714,0.9998428
8715,0.03793916
8716,0.9998996
8717,0.010394901
8718,0.003070414
8719,0.99989104
8720,0.0
8721,2.4348497e-05
8722,0.99932873
8723,0.0
8724,0.9999999
8725,8.046627e-07
8726,1.8775463e-06
8727,0.9997448
8728,0.999933
8729,0.9999073
8730,0.98858935
8731,1.0
8732,0.057804286
8733,1.0
8734,0.68415177
8735,1.0
8736,1.0
8737,0.99999356
8738,0.86652863
8739,0.0
8740,1.0
8741,0.9020812
8742,1.0
8743,1.0
8744,0.9999033
8745,0.00018918514
8746,1.0
8747,0.9999928
8748,0.0
8749,2.9802322e-08
8750,0.8596519
8751,0.99999994
8752,1.0
8753,0.99999964
8754,0.9998858
8755,0.73543406
8756,0.0
8757,0.9776848
8758,1.0
8759,0.0011611879
8760,0.9999989
8761,1.0
8762,5.9604645e-08
8763,0.9999766
8764,0.9998367
8765,0.99877226
8766,0.23284006
8767,0.9999976
8768,0.026532382
8769,0.9602079
8770,4.7683716e-07
8771,0.49645293
8772,0.002853483
8773,0.13920036
8774,0.00020462275
8775,1.0
8776,0.03529647
8777,0.1585888
8778,1.0
8779,1.0
8780,0.006168872
8781,1.0
8782,1.0
8783,0.0023979545
8784,0.99986875
8785,1.0
8786,0.7394913
8787,1.0
8788,0.0
8789,0.99981487
8790,0.9295124
8791,0.99987113
8792,1.0
8793,1.0
8794,1.0
8795,0.99999964
8796,0.030177385
8797,0.99999654
8798,0.0
8799,1.0
8800,0.008458734
8801,0.0
8802,1.3709068e-06
8803,0.99999964
8804,0.99996066
8805,1.0
8806,0.99999857
8807,0.49767497
8808,0.0
8809,7.3611736e-06
8810,1.0
8811,8.791685e-06
8812,1.0
8813,0.8388294
8814,0.9999855
8815,0.16133961
8816,0.9979608
8817,0.99999976
8818,0.0066459477
8819,0.000795871
8820,1.0
8821,0.00018686056
8822,8.186698e-05
8823,0.0
8824,0.0
8825,0.5519816
8826,0.9278381
8827,0.0
8828,0.96770036
8829,1.0
8830,0.63912565
8831,0.96897393
8832,0.99999356
8833,6.610155e-05
8834,0.9999962
8835,0.9997144
8836,3.5762787e-07
8837,1.0
8838,0.9022406
8839,1.0
8840,0.0
8841,1.0
8842,0.0
8843,0.0
8844,6.479025e-05
8845,1.0
8846,2.3245811e-06
8847,1.0
8848,0.030830055
8849,0.99479866
8850,0.037812203
8851,0.0
8852,0.0022924542
8853,0.0
8854,0.23718455
8855,0.94597554
8856,0.0
8857,9.089708e-06
8858,1.0
8859,0.0002964735
8860,6.3180923e-06
8861,0.9999999
8862,1.0
8863,1.7881393e-07
8864,0.9999827
8865,1.0
8866,0.0042364
8867,0.9998131
8868,0.0016924143
8869,2.9802322e-07
8870,1.0
8871,0.21107164
8872,0.0005030334
8873,0.0046233237
8874,0.04208386
8875,0.99994576
8876,0.0013727844
8877,0.028878689
8878,0.043861926
8879,0.0005643368
8880,0.9187575
8881,0.00042814016
8882,1.0
8883,0.7864958
8884,0.002306044
8885,0.99997234
8886,1.0
8887,0.00052818656
8888,0.0
8889,0.000513047
8890,6.66976e-05
8891,1.0
8892,0.9644375
8893,1.0
8894,0.00022295117
8895,1.0
8896,1.0
8897,0.0
8898,0.9791549
8899,0.3268367
8900,0.9997788
8901,0.0
8902,0.0
8903,1.0
8904,0.0032438338
8905,0.0
8906,1.0
8907,0.0
8908,1.0
8909,0.7856344
8910,0.27627102
8911,0.42135662
8912,0.99999964
8913,0.0021902919
8914,0.8083993
8915,1.0
8916,0.9627696
8917,0.0
8918,0.9999999
8919,1.0
8920,0.0025553405
8921,0.0
8922,0.020578265
8923,1.0
8924,0.013928205
8925,1.0
8926,1.0
8927,1.0
8928,0.99993896
8929,0.9970595
8930,0.5527086
8931,7.748604e-07
8932,1.0
8933,1.0
8934,0.0
8935,1.0
8936,1.9073486e-06
8937,0.99954855
8938,0.6660919
8939,1.0
8940,1.0
8941,2.9683113e-05
8942,1.6957521e-05
8943,0.0
8944,0.0
8945,0.9964459
8946,0.9986759
8947,0.19433412
8948,1.0
8949,0.99505335
8950,0.99999976
8951,1.0
8952,0.93458086
8953,0.9993148
8954,0.00080794096
8955,1.0
8956,1.0
8957,8.940697e-08
8958,0.0
8959,0.0
8960,1.0
8961,1.0
8962,1.0
8963,4.4703484e-07
8964,0.0
8965,0.99164414
8966,0.0
8967,0.19312468
8968,0.0
8969,0.0
8970,0.99999255
8971,0.9996772
8972,0.0019558966
8973,1.0
8974,1.0
8975,2.9802322e-08
8976,0.0
8977,0.00013771653
8978,0.9379215
8979,0.0
8980,0.0021993518
8981,0.0
8982,0.9997591
8983,3.4570694e-06
8984,0.017551154
8985,0.75578004
8986,0.0038695633
8987,0.9783528
8988,0.0
8989,0.0058350563
8990,0.0
8991,0.99999774
8992,4.9710274e-05
8993,0.998044
8994,9.584427e-05
8995,1.0
8996,0.00046411157
8997,9.596348e-06
8998,1.0
8999,0.013106495
9000,8.520484e-05
9001,0.0006029904
9002,1.0
9003,1.0
9004,0.0
9005,0.014936119
9006,5.066395e-07
9007,8.508563e-05
9008,8.821487e-06
9009,0.0
9010,0.9893579
9011,1.0
9012,0.19174275
9013,0.00032427907
9014,0.005270958
9015,0.9999997
9016,0.13881439
9017,0.9963816
9018,1.0
9019,0.9996191
9020,1.0
9021,0.99999905
9022,0.99967337
9023,0.018146157
9024,0.00037407875
9025,1.0
9026,1.0
9027,0.02299878
9028,0.9926801
9029,2.0861626e-07
9030,0.35751998
9031,0.7496843
9032,0.57012
9033,1.0
9034,4.172325e-07
9035,3.7640333e-05
9036,0.00011193752
9037,0.0002142489
9038,0.0
9039,1.0
9040,0.06577134
9041,0.0
9042,1.0
9043,0.9999875
9044,0.0076370537
9045,0.9999889
9046,6.9111586e-05
9047,1.0
9048,0.0
9049,5.9604645e-07
9050,8.8095665e-05
9051,1.2814999e-06
9052,0.7966151
9053,1.0
9054,2.4467707e-05
9055,2.6524067e-05
9056,2.4735928e-05
9057,1.0728836e-05
9058,1.5228987e-05
9059,1.0
9060,0.001734227
9061,0.4591079
9062,0.13657469
9063,9.432435e-05
9064,1.0
9065,1.0
9066,0.9947047
9067,0.0
9068,5.3048134e-06
9069,1.0
9070,2.0503998e-05
9071,0.00052824616
9072,0.0
9073,0.9157529
9074,6.556511e-07
9075,0.99999887
9076,0.9999569
9077,0.99996454
9078,0.99698377
9079,0.69756204
9080,0.0
9081,0.52028584
9082,2.0384789e-05
9083,0.0
9084,1.6391277e-06
9085,1.0
9086,0.0053771436
9087,0.0010985732
9088,0.99999964
9089,1.0
9090,0.020633668
9091,1.0
9092,1.0
9093,0.0
9094,0.0008867085
9095,0.0
9096,1.0
9097,0.99999154
9098,0.9999999
9099,0.11763701
9100,0.16035575
9101,0.00054338574
9102,0.9877275
9103,0.9779709
9104,1.0
9105,1.0
9106,0.010546476
9107,0.06305835
9108,1.0
9109,0.9999767
9110,0.39071417
9111,1.0
9112,1.0
9113,0.2502754
9114,1.0
9115,0.97520363
9116,0.9999757
9117,0.027211428
9118,0.0
9119,0.7429137
9120,0.0
9121,0.0
9122,1.0
9123,0.0
9124,0.9085834
9125,2.0861626e-07
9126,1.0
9127,0.99999934
9128,0.9999994
9129,0.0010210872
9130,0.43841085
9131,0.80127144
9132,2.0354986e-05
9133,0.0
9134,1.3977289e-05
9135,0.0023394823
9136,3.2782555e-07
9137,2.2649765e-06
9138,0.0019014776
9139,0.48763558
9140,0.9158833
9141,0.0007805824
9142,0.044807106
9143,0.9972451
9144,0.99997413
9145,0.99917746
9146,0.0002978742
9147,0.99447966
9148,1.0
9149,6.020069e-06
9150,6.556511e-06
9151,1.0
9152,0.0
9153,0.00088971853
9154,1.0
9155,0.0
9156,0.0
9157,0.8940219
9158,0.067417115
9159,0.009597659
9160,0.9880051
9161,0.0055351555
9162,0.9999052
9163,0.8887318
9164,0.0
9165,0.99997026
9166,0.49699464
9167,0.99999857
9168,1.0
9169,0.0002683401
9170,0.9999741
9171,0.014290839
9172,0.9996503
9173,0.008042455
9174,0.9983661
9175,0.6980476
9176,7.429719e-05
9177,1.0
9178,8.353591e-05
9179,1.0
9180,1.0
9181,5.9604645e-08
9182,1.0
9183,0.9146552
9184,0.9998156
9185,0.89698803
9186,0.7401488
9187,1.0
9188,0.032221437
9189,0.99669814
9190,0.99585414
9191,1.1920929e-07
9192,0.999999
9193,6.189942e-05
9194,1.0
9195,0.009878725
9196,1.0
9197,0.9986581
9198,0.92429984
9199,9.23872e-07
9200,1.0
9201,0.010637283
9202,1.0
9203,0.94725573
9204,0.9988166
9205,1.6391277e-06
9206,0.00022399426
9207,0.0
9208,0.0
9209,0.9991455
9210,0.9996308
9211,1.0
9212,0.99999976
9213,5.4836273e-06
9214,0.8131846
9215,0.11493465
9216,0.0
9217,1.9073486e-06
9218,0.8630988
9219,0.9997127
9220,1.0
9221,1.0
9222,0.99999964
9223,0.99961764
9224,6.556511e-07
9225,0.99999964
9226,0.9999986
9227,2.503395e-06
9228,1.0
9229,1.0
9230,0.0031553805
9231,0.2809003
9232,1.0
9233,1.0
9234,3.0487776e-05
9235,1.0
9236,1.0
9237,0.9999212
9238,0.4217019
9239,0.99993324
9240,1.0
9241,4.142523e-06
9242,0.99999857
9243,1.4990568e-05
9244,0.99995387
9245,6.735325e-06
9246,0.0
9247,1.1622906e-06
9248,0.011373699
9249,0.9999006
9250,0.0
9251,0.3592401
9252,0.00026795268
9253,0.9999654
9254,0.0
9255,1.0
9256,0.00014555454
9257,0.011257768
9258,1.0
9259,0.020562053
9260,0.99998707
9261,0.011085004
9262,1.0
9263,0.0904696
9264,0.99115765
9265,0.5078429
9266,1.1920929e-07
9267,0.0
9268,0.02844274
9269,0.00030255318
9270,5.662441e-07
9271,0.9739984
9272,0.9990933
9273,1.0
9274,0.9977709
9275,0.9998567
9276,1.0
9277,0.066471785
9278,0.99999905
9279,1.0
9280,0.0
9281,0.9998679
9282,0.0
9283,0.9996722
9284,0.0
9285,0.9999912
9286,0.99690115
9287,0.0
9288,0.7215005
9289,1.0
9290,0.99999976
9291,0.0
9292,1.4007092e-06
9293,0.9988305
9294,0.18972525
9295,0.005734563
9296,1.0
9297,0.0
9298,0.12769938
9299,0.029002339
9300,0.0110428035
9301,8.940697e-08
9302,0.9999999
9303,0.0048437715
9304,1.0
9305,0.98416764
9306,0.99996334
9307,1.0
9308,0.002711296
9309,3.1232834e-05
9310,0.9222019
9311,0.0
9312,0.4066766
9313,0.0
9314,7.748604e-07
9315,0.0
9316,0.0
9317,1.0
9318,1.0
9319,1.0
9320,0.9964308
9321,0.9999999
9322,0.99084496
9323,0.99998105
9324,1.0
9325,0.27751595
9326,0.99987906
9327,1.0
9328,0.99999845
9329,0.0
9330,0.8979169
9331,1.6093254e-06
9332,5.096197e-06
9333,0.99313045
9334,0.9998703
9335,0.12362772
9336,4.479289e-05
9337,0.17945305
9338,1.0
9339,1.0430813e-06
9340,0.6018387
9341,0.3175788
9342,1.0
9343,0.0015683174
9344,0.0
9345,0.0
9346,2.9802322e-08
9347,0.8408732
9348,0.3743466
9349,1.0
9350,0.99932384
9351,1.0
9352,0.99999905
9353,0.0
9354,0.58697075
9355,0.0
9356,0.0
9357,0.99999976
9358,1.0
9359,8.940697e-08
9360,0.00035005808
9361,0.0013312697
9362,0.8736377
9363,0.9486916
9364,0.09673604
9365,0.00051933527
9366,0.06432983
9367,1.0
9368,0.99999905
9369,0.3748636
9370,0.0
9371,1.0
9372,0.0
9373,1.0
9374,0.0
9375,0.99920315
9376,0.01800564
9377,1.0
9378,0.99999976
9379,0.97505116
9380,0.016210496
9381,0.9999999
9382,0.9999999
9383,3.5226345e-05
9384,1.0
9385,9.9271536e-05
9386,0.00011396408
9387,0.9786941
9388,1.0
9389,0.89348257
9390,0.99901915
9391,9.23872e-07
9392,0.00023654103
9393,1.0
9394,1.0
9395,0.49522716
9396,0.0318166
9397,1.6063452e-05
9398,1.0
9399,1.0
9400,0.010649323
9401,1.1622906e-06
9402,0.00037941337
9403,0.0017791688
9404,0.0
9405,0.0
9406,8.621812e-05
9407,0.074984044
9408,0.00018051267
9409,0.9710283
9410,1.0
9411,1.847744e-06
9412,0.64091414
9413,0.0018851459
9414,0.0
9415,1.0
9416,4.7683716e-06
9417,0.98440504
9418,0.0
9419,0.9999784
9420,3.0100346e-06
9421,0.26434535
9422,0.99115586
9423,0.999999
9424,0.9995145
9425,0.9994259
9426,0.9999032
9427,1.0
9428,0.99854475
9429,0.0
9430,0.044924527
9431,0.99999946
9432,0.9981542
9433,0.0
9434,0.00034338236
9435,0.99999297
9436,0.0
9437,0.000115543604
9438,8.404255e-06
9439,1.0
9440,0.99999714
9441,5.9604645e-08
9442,1.0430813e-05
9443,0.0
9444,1.4275312e-05
9445,1.0
9446,1.0
9447,0.0
9448,0.9999225
9449,0.08914873
9450,1.0
9451,1.0
9452,1.0
9453,0.99998903
9454,0.00013047457
9455,0.999566
9456,0.0071474016
9457,1.1920929e-07
9458,0.99942005
9459,0.0
9460,0.0
9461,0.997489
9462,0.99442536
9463,3.412366e-05
9464,0.9879639
9465,0.9651822
9466,1.7881393e-07
9467,0.99914634
9468,1.0
9469,0.99924636
9470,0.008401066
9471,0.99996465
9472,0.36811602
9473,0.0
9474,0.9998685
9475,1.0
9476,0.99999905
9477,0.075798005
9478,1.0
9479,5.9604645e-08
9480,0.99995023
9481,0.0
9482,3.5136938e-05
9483,0.9999999
9484,0.00031384826
9485,1.8775463e-06
9486,0.0
9487,0.0066111684
9488,0.6554674
9489,1.3798475e-05
9490,0.61674434
9491,0.99998486
9492,0.0
9493,0.99998873
9494,0.99999845
9495,0.0
9496,3.5762787e-07
9497,0.0016283393
9498,0.99667144
9499,1.0
9500,1.0
9501,0.9999988
9502,0.9999943
9503,0.95714605
9504,0.0
9505,1.0
9506,7.3075294e-05
9507,0.4756842
9508,0.00069761276
9509,1.0
9510,0.043268114
9511,4.7683716e-07
9512,0.9999991
9513,0.74479073
9514,0.0
9515,1.0
9516,4.1127205e-06
9517,0.0
9518,0.0
9519,0.0
9520,1.564622e-05
9521,0.0006374717
9522,0.9459779
9523,2.9802322e-08
9524,0.99413025
9525,0.00013756752
9526,0.99999994
9527,1.0
9528,0.77726233
9529,0.0
9530,0.009184957
9531,3.6358833e-06
9532,0.0024048984
9533,1.0
9534,0.00013023615
9535,0.0
9536,0.9999652
9537,0.0014411211
9538,1.0
9539,0.081379116
9540,0.0
9541,0.00018802285
9542,0.07722247
9543,0.1827083
9544,0.99999744
9545,0.00057300925
9546,0.030677259
9547,0.0
9548,0.06722781
9549,0.0
9550,0.9999994
9551,0.0
9552,0.99999994
9553,0.00011181831
9554,0.0
9555,1.0
9556,1.0
9557,0.99992025
9558,0.9436517
9559,4.6998262e-05
9560,1.0
9561,3.993511e-06
9562,0.98581874
9563,1.0
9564,1.31726265e-05
9565,1.0
9566,0.99980617
9567,0.99999547
9568,0.0003528893
9569,0.99917805
9570,1.6391277e-06
9571,1.0
9572,0.9670494
9573,0.0037581623
9574,1.9133091e-05
9575,0.00010219216
9576,1.0
9577,0.99127436
9578,0.9999999
9579,1.0
9580,0.0
9581,0.5131208
9582,0.9999999
9583,7.301569e-06
9584,1.0
9585,0.9326807
9586,0.99042714
9587,0.014954001
9588,0.9999999
9589,0.018967152
9590,0.99999976
9591,8.672476e-06
9592,0.9999391
9593,1.0
9594,0.9767188
9595,0.6616525
9596,0.8248075
9597,0.9945562
9598,1.0
9599,1.0
9600,0.0
9601,0.99987185
9602,1.0
9603,2.9802322e-08
9604,2.0444393e-05
9605,0.0009366274
9606,0.0
9607,1.0
9608,0.0
9609,0.0015673041
9610,1.0
9611,0.9999982
9612,0.0
9613,0.05216095
9614,0.99483526
9615,1.963973e-05
9616,5.5640936e-05
9617,1.0
9618,0.04194492
9619,0.87957513
9620,1.4275312e-05
9621,0.99999
9622,1.30832195e-05
9623,0.011475712
9624,0.0
9625,0.9106233
9626,3.0577183e-05
9627,0.99983335
9628,0.8938068
9629,1.0
9630,1.0
9631,1.0
9632,1.0
9633,0.5240874
9634,0.0009069741
9635,1.0
9636,0.0
9637,0.9999959
9638,0.0
9639,0.00016337633
9640,0.00017824769
9641,1.0
9642,0.94860077
9643,1.0
9644,5.9604645e-06
9645,0.0
9646,0.75173706
9647,0.9999359
9648,0.0
9649,0.0
9650,0.0
9651,0.0
9652,1.1920929e-07
9653,0.9996265
9654,0.9376508
9655,1.0
9656,0.020152241
9657,0.99999917
9658,0.99996156
9659,0.9999888
9660,0.43603718
9661,0.3191887
9662,0.0
9663,0.0
9664,0.0
9665,9.4771385e-06
9666,0.0
9667,2.8908253e-06
9668,0.0022096038
9669,2.3841858e-06
9670,1.0
9671,0.0
9672,0.0006787181
9673,0.9999994
9674,1.4901161e-07
9675,0.9983673
9676,0.9998338
9677,0.014466435
9678,1.0
9679,0.0067828894
9680,6.7055225e-06
9681,5.9604645e-08
9682,0.9997878
9683,0.99999994
9684,0.0
9685,0.9999981
9686,0.32730904
9687,0.0
9688,1.0
9689,1.1920929e-07
9690,1.0
9691,0.9999949
9692,0.66431
9693,0.0018299222
9694,0.009574145
9695,0.0
9696,1.0
9697,0.15145507
9698,2.9802322e-07
9699,0.9803237
9700,0.099098265
9701,1.0
9702,0.9390745
9703,2.682209e-07
9704,0.99999964
9705,0.0
9706,0.0
9707,0.5964306
9708,1.0
9709,1.0
9710,0.0
9711,1.0
9712,0.6694703
9713,0.9999639
9714,0.091725916
9715,1.0
9716,1.0
9717,6.2584877e-07
9718,0.0
9719,0.46712863
9720,1.0
9721,1.0
9722,0.00457716
9723,0.0009177625
9724,0.0
9725,0.8274735
9726,0.94940114
9727,0.0
9728,0.00036385655
9729,0.99999976
9730,0.6296437
9731,0.9877323
9732,0.34279227
9733,0.0
9734,1.0
9735,0.0
9736,0.0
9737,0.99995255
9738,8.404255e-06
9739,0.16355062
9740,0.0114171505
9741,0.99999976
9742,1.0
9743,0.9941935
9744,0.98303175
9745,0.15087214
9746,0.99885607
9747,1.7881393e-07
9748,0.0
9749,0.80212295
9750,0.0
9751,1.0
9752,0.99998903
9753,0.0029188693
9754,1.0
9755,0.0
9756,0.2014884
9757,1.0
9758,4.2259693e-05
9759,0.0
9760,0.78875077
9761,0.0
9762,0.011413813
9763,3.3438206e-05
9764,1.0
9765,1.0
9766,1.0
9767,0.0
9768,0.09026113
9769,4.643202e-05
9770,0.0
9771,0.0
9772,0.0
9773,1.0
9774,1.4901161e-07
9775,0.0
9776,1.0
9777,0.0
9778,0.0
9779,0.99951196
9780,1.0
9781,0.0017092228
9782,0.0014941096
9783,0.999997
9784,1.0
9785,0.0
9786,0.0
9787,2.2053719e-06
9788,0.13711032
9789,1.0
9790,0.9999994
9791,0.9884447
9792,1.4364719e-05
9793,0.0
9794,0.9276849
9795,0.0
9796,0.0
9797,0.99760056
9798,1.0
9799,0.0
9800,0.022549897
9801,0.009850264
9802,0.13047403
9803,0.99990606
9804,0.9999998
9805,0.99991024
9806,0.00023835897
9807,0.9999998
9808,2.592802e-06
9809,1.0
9810,0.3293282
9811,0.9999999
9812,0.9999999
9813,0.6147881
9814,0.0
9815,0.9998631
9816,1.0
9817,1.0818243e-05
9818,0.99999964
9819,7.1287155e-05
9820,0.03885311
9821,0.34074003
9822,0.74682915
9823,0.0020777285
9824,0.021897346
9825,0.0
9826,0.99999
9827,0.0
9828,0.53772587
9829,0.40223494
9830,2.0861626e-07
9831,1.0
9832,0.10548204
9833,0.004589379
9834,1.0
9835,6.556511e-07
9836,1.0
9837,8.940697e-08
9838,0.99999875
9839,0.9999872
9840,0.9990691
9841,0.95236015
9842,2.9802322e-08
9843,0.06782019
9844,0.0
9845,8.940697e-08
9846,2.9802322e-07
9847,7.748604e-07
9848,0.011645347
9849,0.01729709
9850,0.0
9851,0.22566798
9852,1.0
9853,1.0
9854,1.0
9855,2.0861626e-07
9856,0.06644881
9857,0.023463756
9858,0.0
9859,0.14446685
9860,0.0
9861,0.0
9862,0.0033987463
9863,0.4499235
9864,1.0
9865,1.0
9866,0.9999993
9867,1.0
9868,0.00016188622
9869,0.9999999
9870,0.9999989
9871,0.858546
9872,0.9819038
9873,1.0
9874,0.0
9875,0.99915
9876,1.2040138e-05
9877,1.0
9878,0.47147286
9879,0.00074353814
9880,0.9999995
9881,0.0
9882,0.0
9883,0.0
9884,6.604195e-05
9885,0.0007609725
9886,1.0
9887,1.0
9888,0.03931102
9889,0.03465137
9890,0.005615115
9891,1.0
9892,0.9986563
9893,1.0
9894,5.2154064e-06
9895,0.00018170476
9896,0.88279307
9897,0.004608065
9898,0.99997675
9899,0.0
9900,3.2782555e-07
9901,0.9999991
9902,0.0
9903,0.0
9904,0.0
9905,1.0
9906,0.0
9907,0.13239774
9908,6.9350004e-05
9909,0.99999976
9910,0.99997073
9911,0.9999902
9912,1.0
9913,0.15570295
9914,0.0017934442
9915,0.88366807
9916,0.99798274
9917,0.00019100308
9918,0.068739116
9919,1.0
9920,1.0
9921,0.0
9922,1.0
9923,0.9995723
9924,2.8073788e-05
9925,1.0
9926,1.0
9927,0.00085270405
9928,0.08413908
9929,1.0
9930,0.99605656
9931,0.18585539
9932,0.0
9933,0.9995593
9934,0.00038790703
9935,0.0
9936,0.001000613
9937,4.0709972e-05
9938,1.0
9939,0.85224843
9940,1.0
9941,0.0003617406
9942,7.1823597e-06
9943,0.9896412
9944,0.00016850233
9945,0.26388532
9946,0.9990603
9947,0.9999999
9948,1.0
9949,1.0
9950,0.9999991
9951,2.9802322e-08
9952,0.99999905
9953,0.02561301
9954,0.97539115
9955,0.63174725
9956,0.9997725
9957,1.0
9958,1.0
9959,0.017284125
9960,0.9999977
9961,0.9945854
9962,0.05273369
9963,0.24708092
9964,1.0
9965,1.2457371e-05
9966,2.0861626e-07
9967,1.0
9968,0.9999999
9969,1.0
9970,1.1920929e-07
9971,0.0013110042
9972,0.6478887
9973,0.99368584
9974,0.0807915
9975,1.0
9976,0.0015448928
9977,0.9993017
9978,0.20169857
9979,2.3841858e-07
9980,1.0
9981,0.0
9982,1.0
9983,0.9997118
9984,0.9998742
9985,0.18088293
9986,0.9999944
9987,0.00053727627
9988,0.9999764
9989,0.9997717
9990,1.0
9991,1.1920929e-07
9992,0.9093302
9993,1.0
9994,0.1927447
9995,0.9989581
9996,0.7709042
9997,0.00018876791
9998,0.060531825
9999,0.00048735738
10000,1.0
10001,0.0730719
10002,4.529953e-06
10003,0.99999976
10004,0.9999989
10005,1.2487173e-05
10006,1.0
10007,0.00073742867
10008,0.84221596
10009,5.9336424e-05
10010,0.9926493
10011,1.0
10012,0.4319872
10013,1.0
10014,1.0
10015,0.9609491
10016,0.88963735
10017,0.9999998
10018,0.99999976
10019,0.0
10020,0.0
10021,0.98530424
10022,1.0
10023,0.99974746
10024,1.0
10025,1.0
10026,4.684925e-05
10027,0.0
10028,0.0
10029,0.0003579259
10030,1.0
10031,0.31248719
10032,0.0
10033,0.99965405
10034,0.99999994
10035,0.07889959
10036,0.008211404
10037,5.9604645e-08
10038,1.0
10039,0.0029773116
10040,0.0
10041,0.9947537
10042,1.0
10043,1.0
10044,8.2194805e-05
10045,0.0
10046,0.9817725
10047,1.0
10048,0.9999988
10049,0.0011411905
10050,0.0
10051,0.19413495
10052,0.9999966
10053,1.0
10054,1.0
10055,0.0183568
10056,0.99999994
10057,0.9999788
10058,1.0
10059,2.1874905e-05
10060,0.0
10061,0.99904656
10062,0.006024629
10063,0.0
10064,0.0003322661
10065,0.008333743
10066,1.5497208e-06
10067,0.0020695627
10068,0.99356663
10069,0.0
10070,0.9999994
10071,0.37959194
10072,0.0
10073,1.1920929e-07
10074,0.5446102
10075,2.9295683e-05
10076,0.9999999
10077,1.0
10078,0.0
10079,0.0
10080,0.9972908
10081,0.9118976
10082,0.99999964
10083,1.0
10084,0.018117458
10085,1.0
10086,0.0005349517
10087,1.0
10088,0.00019749999
10089,1.0
10090,0.0021331906
10091,1.847744e-06
10092,0.97786367
10093,0.9756036
10094,1.2129545e-05
10095,0.97602844
10096,5.9604645e-08
10097,0.99865043
10098,1.0
10099,7.787347e-05
10100,0.0021968484
10101,1.0
10102,1.7881393e-07
10103,0.9994497
10104,1.0
10105,0.18089211
10106,0.9999987
10107,0.0
10108,5.6892633e-05
10109,0.99999964
10110,0.00082618
10111,1.0
10112,1.0
10113,1.8715858e-05
10114,0.0
10115,1.0
10116,0.9987452
10117,0.9013192
10118,0.0010572374
10119,0.9994451
10120,0.0
10121,0.0016447306
10122,1.0
10123,1.0
10124,0.000631392
10125,0.0
10126,1.0
10127,6.189942e-05
10128,1.0
10129,1.0
10130,2.682209e-07
10131,1.0
10132,2.771616e-06
10133,0.00094258785
10134,0.38617977
10135,0.05549285
10136,0.99999845
10137,1.1920929e-07
10138,1.0
10139,0.021195114
10140,0.0
10141,7.289648e-05
10142,0.0
10143,8.285046e-06
10144,1.0
10145,1.0
10146,0.0
10147,0.076079875
10148,1.4901161e-07
10149,0.27853972
10150,0.00030323863
10151,0.99999195
10152,0.99987906
10153,1.0
10154,0.11009568
10155,0.99999964
10156,0.8645965
10157,1.0
10158,0.0
10159,0.00021982193
10160,8.940697e-08
10161,1.0
10162,1.0
10163,0.99920505
10164,0.9992677
10165,0.00010725856
10166,1.0
10167,0.79888767
10168,5.5730343e-06
10169,1.0
10170,1.0
10171,1.0
10172,0.9512718
10173,0.2608411
10174,0.0086141825
10175,0.92304206
10176,0.00048425794
10177,0.99976754
10178,0.0
10179,0.03156495
10180,1.0
10181,1.0
10182,1.0
10183,1.0
10184,0.9880173
10185,1.0848045e-05
10186,0.06975517
10187,0.0015265942
10188,3.5881996e-05
10189,2.9802322e-08
10190,2.9802322e-08
10191,0.9999998
10192,0.0
10193,1.0
10194,1.0
10195,1.0
10196,0.0
10197,1.0
10198,0.9967766
10199,0.8799161
10200,0.9999713
10201,0.003201425
10202,0.988379
10203,0.97095
10204,0.9999846
10205,0.99384075
10206,8.940697e-08
10207,0.99999976
10208,0.0046780407
10209,0.9984063
10210,0.014344305
10211,0.0
10212,0.9988192
10213,0.0017441511
10214,0.9947585
10215,0.99999774
10216,0.0
10217,0.99999994
10218,0.99999726
10219,0.99845827
10220,1.0
10221,0.9999646
10222,0.0036742687
10223,1.013279e-06
10224,0.10522723
10225,0.12971032
10226,1.1920929e-07
10227,1.0
10228,1.0
10229,0.5940308
10230,1.0
10231,2.5242567e-05
10232,0.07439566
10233,0.9999976
10234,0.9999818
10235,0.00011777878
10236,1.0
10237,2.259016e-05
10238,0.0059529245
10239,1.0
10240,2.682209e-07
10241,0.0
10242,0.0046229064
10243,5.4597855e-05
10244,1.0
10245,0.0009627938
10246,2.9593706e-05
10247,0.9999975
10248,3.5762787e-07
10249,1.0
10250,0.61610454
10251,0.9970269
10252,1.0
10253,0.99338657
10254,2.0861626e-07
10255,0.99201846
10256,0.9999981
10257,1.0
10258,0.99581265
10259,0.20761603
10260,0.93388087
10261,1.013279e-06
10262,1.0
10263,1.0
10264,0.3439002
10265,0.9904094
10266,0.00051131845
10267,0.0031534135
10268,0.14416283
10269,1.0
10270,1.0
10271,0.9969039
10272,0.99999994
10273,0.0014820099
10274,0.14048052
10275,0.15745395
10276,1.0
10277,2.5629997e-05
10278,1.7881393e-07
10279,1.0
10280,0.0
10281,3.8146973e-05
10282,0.10004595
10283,1.0
10284,7.1525574e-06
10285,0.9858497
10286,0.010964662
10287,0.0
10288,0.9999979
10289,0.00016015768
10290,1.0
10291,1.0
10292,1.0
10293,0.0042221844
10294,0.0
10295,0.22023258
10296,1.0
10297,1.0
10298,0.99896836
10299,0.0
10300,0.0
10301,0.9015192
10302,0.99997735
10303,0.026334643
10304,0.98512846
10305,1.0
10306,0.94700176
10307,0.9969972
10308,0.9978044
10309,1.0
10310,1.0
10311,1.0
10312,1.0
10313,1.0
10314,0.0
10315,0.35981655
10316,0.0
10317,0.0
10318,0.033828855
10319,0.944559
10320,0.0
10321,0.0
10322,0.73209804
10323,0.0
10324,0.028687865
10325,0.90358853
10326,0.9983636
10327,1.0
10328,0.0
10329,0.0
10330,0.0
10331,2.0861626e-07
10332,3.9875507e-05
10333,0.0
10334,4.172325e-07
10335,0.97101945
10336,0.16283453
10337,0.99834025
10338,2.3841858e-07
10339,1.0
10340,0.020615876
10341,0.9999999
10342,0.40126532
10343,1.0
10344,0.0
10345,1.0
10346,0.0
10347,1.0
10348,1.0
10349,1.0
10350,2.9802322e-07
10351,0.0
10352,0.99913114
10353,1.0
10354,1.0
10355,0.99987817
10356,0.9999998
10357,5.760789e-05
10358,0.96595466
10359,1.0
10360,1.0
10361,0.06511477
10362,0.008795917
10363,1.0
10364,0.9999169
10365,0.0
10366,0.0012312531
10367,0.99999726
10368,0.99999577
10369,0.99225783
10370,4.053116e-06
10371,4.3213367e-06
10372,0.0
10373,1.4901161e-07
10374,0.1982064
10375,0.9570215
10376,0.0
10377,0.85152155
10378,0.00034210086
10379,1.0
10380,0.0
10381,0.0
10382,1.0
10383,0.000107079744
10384,1.0
10385,2.9802322e-08
10386,9.417534e-06
10387,0.00081533194
10388,1.0
10389,0.0
10390,0.17100063
10391,0.99984896
10392,0.0155797005
10393,0.012953848
10394,8.884072e-05
10395,0.9851619
10396,0.99999994
10397,0.9127768
10398,1.0
10399,0.9845254
10400,0.98473036
10401,9.834766e-07
10402,0.0
10403,0.011296004
10404,0.99120325
10405,0.9996071
10406,0.9929224
10407,0.0
10408,0.0
10409,1.0
10410,0.9981711
10411,3.3527613e-05
10412,1.0
10413,1.0
10414,1.0
10415,0.9999671
10416,0.99999964
10417,1.9073486e-05
10418,1.0
10419,0.0016022623
10420,0.015993714
10421,0.00081428885
10422,1.013279e-06
10423,0.0
10424,0.28346777
10425,1.5676022e-05
10426,1.4901161e-07
10427,0.99949574
10428,0.7517264
10429,1.0
10430,1.0
10431,0.0015178025
10432,1.0
10433,1.0
10434,0.5252772
10435,0.0
10436,1.0
10437,0.0
10438,0.9954319
10439,1.0
10440,1.0
10441,0.5777063
10442,0.00044232607
10443,1.0
10444,0.9999986
10445,1.0
10446,0.0
10447,0.99996907
10448,0.999723
10449,7.5399876e-06
10450,0.99936485
10451,0.99998355
10452,0.0
10453,1.0
10454,0.0
10455,1.0
10456,0.0
10457,0.99999976
10458,0.99550533
10459,0.039389104
10460,0.008283734
10461,0.5416409
10462,0.8609148
10463,0.9999987
10464,0.11735234
10465,0.977543
10466,0.9998968
10467,0.9872119
10468,0.9933303
10469,0.0
10470,0.00014650822
10471,0.9999974
10472,0.0
10473,4.3153763e-05
10474,0.12526095
10475,6.234646e-05
10476,0.61135244
10477,0.020746201
10478,0.44657865
10479,0.005924523
10480,0.0
10481,2.9802322e-08
10482,0.87198687
10483,1.0
10484,1.0
10485,0.0005414784
10486,2.9802322e-08
10487,1.0
10488,1.0
10489,0.0059443414
10490,0.99993366
10491,0.999997
10492,0.38153777
10493,0.9999999
10494,0.9976805
10495,1.0
10496,0.0024642944
10497,1.0
10498,0.9999998
10499,0.7182582
10500,1.6063452e-05
10501,0.70995206
10502,1.0
10503,1.0
10504,0.99145174
10505,2.0861626e-07
10506,1.0
10507,0.15217319
10508,0.0
10509,0.09391689
10510,0.9999999
10511,0.91045475
10512,5.9604645e-08
10513,0.0
10514,1.4901161e-07
10515,1.0
10516,0.9967036
10517,0.9969266
10518,0.0
10519,1.0
10520,0.99999976
10521,1.0
10522,0.99999505
10523,0.0
10524,0.0
10525,0.0
10526,0.99999213
10527,0.53419286
10528,0.99907327
10529,1.0
10530,0.0
10531,1.0
10532,0.0
10533,0.008680612
10534,0.9999998
10535,0.9999999
10536,0.0017567873
10537,0.0
10538,1.0
10539,1.0
10540,1.0
10541,0.06295669
10542,0.0
10543,3.5762787e-07
10544,0.96348345
10545,1.0
10546,0.9992416
10547,2.6851892e-05
10548,0.58602315
10549,0.9999982
10550,1.0
10551,0.9999976
10552,1.0
10553,0.0
10554,0.023720503
10555,1.0
10556,0.9989302
10557,0.0
10558,0.99999714
10559,1.1920929e-07
10560,0.9999863
10561,0.035093695
10562,0.00086694956
10563,0.9999999
10564,0.0
10565,1.0
10566,0.0003952682
10567,0.99471974
10568,3.874302e-07
10569,5.811453e-06
10570,5.662441e-07
10571,0.9979876
10572,0.99997175
10573,0.31873557
10574,0.079841614
10575,0.0
10576,0.0032737553
10577,1.0
10578,1.0
10579,0.9999995
10580,1.0
10581,0.9572596
10582,0.9998952
10583,1.0
10584,0.0
10585,1.0
10586,0.99995536
10587,0.0
10588,0.00029337406
10589,1.0
10590,0.33012092
10591,1.0
10592,0.0
10593,1.3738871e-05
10594,0.0
10595,0.021502346
10596,0.0
10597,3.606081e-06
10598,0.9999988
10599,0.0
10600,0.0
10601,0.99151707
10602,0.023462087
10603,0.00014299154
10604,0.1430752
10605,0.0
10606,0.0
10607,0.04282722
10608,0.0013848245
10609,0.99944985
10610,0.99999976
10611,1.0
10612,3.2633543e-05
10613,0.10947743
10614,0.99011356
10615,1.0
10616,0.8301818
10617,0.999742
10618,0.99927944
10619,0.0013264418
10620,1.2695789e-05
10621,0.99999994
10622,0.5079888
10623,1.0
10624,0.0
10625,0.9993458
10626,0.99999136
10627,0.17062217
10628,0.99991953
10629,1.0
10630,1.0
10631,1.4901161e-07
10632,1.0
10633,3.695488e-05
10634,0.73808247
10635,0.94482756
10636,0.0056007504
10637,0.99848366
10638,0.9999999
10639,1.0
10640,0.00020059943
10641,0.036045045
10642,0.003327787
10643,1.0
10644,1.0
10645,0.9999511
10646,7.1525574e-07
10647,8.46386e-06
10648,1.0
10649,0.0015371144
10650,0.992014
10651,0.0
10652,0.0
10653,0.0011932552
10654,0.0
10655,0.0065389276
10656,1.0
10657,0.0
10658,0.0006939769
10659,0.23276392
10660,5.066395e-07
10661,0.9999896
10662,1.0
10663,0.99999917
10664,0.08814779
10665,1.0
10666,0.99998033
10667,0.0016426444
10668,1.0
10669,0.021263748
10670,0.28615922
10671,0.99602747
10672,0.010955453
10673,1.8268824e-05
10674,0.9999839
10675,0.01698172
10676,0.000104665756
10677,0.98836446
10678,0.036399424
10679,1.0
10680,1.0
10681,0.99999994
10682,1.0
10683,1.0
10684,0.19905448
10685,0.999467
10686,0.0
10687,0.9999996
10688,0.32634187
10689,0.0
10690,2.771616e-05
10691,1.0
10692,0.99999976
10693,0.014074266
10694,0.9816669
10695,0.9996042
10696,0.0
10697,4.4703484e-07
10698,1.0
10699,0.030735672
10700,0.9998386
10701,8.264184e-05
10702,5.9604645e-08
10703,0.9999989
10704,0.07926184
10705,0.0
10706,1.0
10707,1.0
10708,0.0
10709,0.0
10710,1.0
10711,0.9861661
10712,0.0014976561
10713,0.000108629465
10714,0.00780198
10715,0.06880981
10716,0.0
10717,0.99969375
10718,0.0
10719,0.018827468
10720,0.99999535
10721,0.08719206
10722,2.3245811e-06
10723,0.015672594
10724,1.0
10725,1.0
10726,0.00011664629
10727,0.9988617
10728,1.0
10729,0.99988794
10730,0.9757134
10731,0.0
10732,3.3915043e-05
10733,0.50362754
10734,2.9802322e-08
10735,0.00015839934
10736,1.1622906e-05
10737,1.847744e-06
10738,0.011121899
10739,0.9768362
10740,1.0
10741,0.0074100196
10742,0.0
10743,8.6426735e-07
10744,0.0
10745,0.9999902
10746,0.99745274
10747,1.0
10748,0.9998908
10749,0.9948816
10750,1.0
10751,1.0
10752,1.0
10753,4.1484833e-05
10754,1.0
10755,0.9672868
10756,1.0
10757,9.727478e-05
10758,2.861023e-06
10759,1.0
10760,0.45984662
10761,0.0
10762,7.009506e-05
10763,1.1920929e-07
10764,0.00021547079
10765,1.0
10766,0.0
10767,0.0
10768,1.0
10769,1.0
10770,0.9656117
10771,1.0
10772,3.784895e-06
10773,1.0
10774,0.94366336
10775,0.0
10776,0.0010030568
10777,0.0
10778,1.0
10779,0.00081864
10780,2.7060509e-05
10781,0.9999979
10782,0.9999982
10783,0.86309934
10784,1.0
10785,0.9994684
10786,0.35042247
10787,0.00083243847
10788,0.0053378344
10789,1.0
10790,0.9999995
10791,0.0
10792,0.0125745535
10793,0.9993704
10794,1.0
10795,0.9995434
10796,1.0
10797,0.99999845
10798,0.0
10799,0.0057572722
10800,1.0
10801,3.373623e-05
10802,1.0
10803,0.0
10804,0.5195944
10805,0.99999875
10806,0.0571945
10807,0.011076301
10808,0.9983562
10809,1.9967556e-06
10810,1.0
10811,0.0
10812,0.0
10813,0.17321119
10814,0.018677533
10815,1.0
10816,0.99341625
10817,0.9981915
10818,0.0
10819,5.7280064e-05
10820,0.9999949
10821,0.9999999
10822,0.0
10823,0.027828664
10824,1.0
10825,2.0861626e-07
10826,1.0
10827,1.0
10828,0.9999516
10829,0.99999994
10830,0.0024583638
10831,0.010186553
10832,2.9802322e-08
10833,0.01682797
10834,0.6999952
10835,7.987022e-06
10836,0.0
10837,0.0032450259
10838,2.682209e-07
10839,0.9147186
10840,0.0
10841,0.0
10842,0.0
10843,0.25253975
10844,1.0
10845,0.9999893
10846,0.99955845
10847,0.050116688
10848,0.009383708
10849,0.99926776
10850,1.0
10851,0.048974067
10852,0.0
10853,0.0024344623
10854,0.92614365
10855,0.2818017
10856,0.9973859
10857,0.9999992
10858,2.3901463e-05
10859,4.0233135e-06
10860,0.9990174
10861,0.0035935938
10862,0.9999246
10863,0.97432476
10864,0.044889987
10865,1.0
10866,0.0
10867,0.9741988
10868,0.05905032
10869,0.0
10870,0.0
10871,1.0
10872,0.0
10873,0.0
10874,0.999998
10875,2.9802322e-08
10876,0.0
10877,0.0
10878,0.21441737
10879,0.0014396012
10880,0.99980736
10881,0.004798919
10882,2.2768974e-05
10883,0.045976818
10884,0.08367717
10885,1.0
10886,0.99967265
10887,1.0
10888,0.0
10889,2.0861626e-07
10890,0.88613343
10891,0.9999985
10892,4.1127205e-06
10893,0.00025433302
10894,1.0
10895,0.15637827
10896,0.8254179
10897,5.9604645e-08
10898,0.27188632
10899,3.8951635e-05
10900,0.0
10901,0.98889416
10902,1.0
10903,0.30365586
10904,0.0
10905,0.0
10906,0.0
10907,2.9802322e-07
10908,1.13248825e-05
10909,0.9910826
10910,1.0
10911,1.0
10912,0.24687174
10913,1.2516975e-06
10914,1.0
10915,0.0
10916,0.99998873
10917,1.0
10918,1.0
10919,0.9999998
10920,1.0
10921,0.9999939
10922,0.037577987
10923,0.13676262
10924,1.0
10925,0.9999993
10926,0.85945284
10927,0.696376
10928,0.99724984
10929,1.0
10930,0.99948645
10931,0.9999994
10932,1.0
10933,6.9499016e-05
10934,0.0
10935,0.0
10936,1.0
10937,0.0
10938,1.0
10939,0.0
10940,0.014847487
10941,1.0
10942,1.0
10943,0.9936915
10944,0.9999999
10945,0.9150835
10946,0.0002926588
10947,0.014771253
10948,1.4901161e-07
10949,0.9354187
10950,1.4007092e-06
10951,0.00013613701
10952,0.040667593
10953,0.83335906
10954,0.35656524
10955,0.99999994
10956,0.9999938
10957,1.0
10958,0.002368182
10959,0.99924934
10960,0.0
10961,0.99997157
10962,0.0012768507
10963,8.34465e-07
10964,0.9999602
10965,0.0
10966,0.49573696
10967,0.99990076
10968,3.5762787e-07
10969,0.0
10970,1.7881393e-07
10971,1.0
10972,0.0
10973,0.99999744
10974,0.0
10975,0.9999957
10976,0.27874982
10977,0.98001254
10978,1.0
10979,0.29728836
10980,0.0027645826
10981,6.2584877e-07
10982,0.59421563
10983,1.0
10984,1.0
10985,0.0
10986,0.9952456
10987,0.1593945
10988,1.3411045e-06
10989,6.556511e-07
10990,2.5331974e-06
10991,1.0
10992,0.8040304
10993,0.99987996
10994,0.9999995
10995,0.0
10996,1.6570091e-05
10997,0.00048559904
10998,0.00017863512
10999,0.019371748
11000,0.0
11001,0.7980119
11002,1.0
11003,0.0021651983
11004,5.105138e-05
11005,0.9747895
11006,0.499627
11007,0.9999752
11008,0.01006341
11009,1.0
11010,0.03522399
11011,1.0
11012,0.0025155544
11013,1.0
11014,0.97086024
11015,0.0
11016,0.97400045
11017,1.0
11018,0.00046434999
11019,0.99999905
11020,1.0
11021,0.0016239285
11022,0.9995949
11023,0.0019895136
11024,1.0
11025,8.21352e-05
11026,0.1453481
11027,1.0
11028,0.96928716
11029,7.966161e-05
11030,0.99999976
11031,0.0074161887
11032,0.05895239
11033,0.0
11034,0.16113254
11035,2.9802322e-08
11036,1.0
11037,0.999716
11038,1.0
11039,1.0
11040,1.4901161e-07
11041,0.034112006
11042,0.0
11043,0.0
11044,0.9999968
11045,1.052022e-05
11046,1.0
11047,0.99744296
11048,3.9041042e-06
11049,0.0
11050,0.00204432
11051,0.0
11052,0.00026786327
11053,0.99992645
11054,0.9849184
11055,0.2404002
11056,0.0
11057,0.99999976
11058,0.0
11059,1.0
11060,0.6264826
11061,0.99964345
11062,0.9999964
11063,0.0
11064,1.0
11065,0.99043846
11066,0.9999953
11067,0.1282056
11068,1.0
11069,0.002926916
11070,0.9330205
11071,1.0
11072,1.0
11073,0.9524269
11074,0.010838479
11075,0.0
11076,0.9999999
11077,0.001246661
11078,0.403534
11079,0.00040495396
11080,0.92436534
11081,1.14142895e-05
11082,0.007202655
11083,0.9554877
11084,0.040990233
11085,0.00049215555
11086,0.38551885
11087,1.0
11088,1.0
11089,0.999947
11090,0.0622603
11091,0.9999979
11092,0.99684644
11093,0.0
11094,0.87078756
11095,4.7504902e-05
11096,2.232194e-05
11097,4.172325e-07
11098,8.940697e-08
11099,1.0
11100,1.0251999e-05
11101,0.0
11102,0.0
11103,1.0430813e-05
11104,0.0010456145
11105,0.9999999
11106,0.08893958
11107,1.0
11108,1.0
11109,1.0
11110,0.0041537285
11111,0.0
11112,0.9288386
11113,0.99931896
11114,1.4305115e-06
11115,1.0
11116,0.004105687
11117,0.81622225
11118,0.00070270896
11119,0.9999999
11120,1.0
11121,1.0
11122,1.3709068e-06
11123,1.0
11124,0.99998546
11125,0.9998586
11126,0.7397164
11127,0.027262926
11128,1.0848045e-05
11129,1.0
11130,0.000104904175
11131,1.6093254e-06
11132,1.1026859e-06
11133,3.2186508e-06
11134,0.9988079
11135,1.0
11136,1.0
11137,1.0
11138,0.0
11139,0.0
11140,0.9961672
11141,0.9662322
11142,0.9753679
11143,1.0
11144,0.9999453
11145,0.35663116
11146,0.28257108
11147,0.00038182735
11148,0.0001244545
11149,0.99998736
11150,0.03944236
11151,0.1589463
11152,0.00028529763
11153,0.9999862
11154,1.0
11155,0.9998338
11156,5.066395e-07
11157,1.0
11158,0.001601994
11159,0.0
11160,1.0
11161,0.95372295
11162,0.82929265
11163,0.9999993
11164,0.0002683401
11165,0.0
11166,1.0311604e-05
11167,0.0
11168,0.99907637
11169,0.0
11170,2.3841858e-07
11171,0.99999195
11172,1.0
11173,0.07945046
11174,5.9604645e-08
11175,1.0
11176,0.9999976
11177,1.0
11178,0.0
11179,0.058846414
11180,0.0
11181,1.3560057e-05
11182,0.9701185
11183,2.9802322e-08
11184,1.0
11185,1.0
11186,0.974549
11187,0.0036002994
11188,0.99999726
11189,0.9998015
11190,0.0
11191,0.00028702617
11192,0.99999815
11193,0.0
11194,1.0
11195,1.0
11196,0.9943538
11197,1.3291836e-05
11198,0.7175094
11199,1.0
11200,1.0
11201,0.99103475
11202,0.37437373
11203,0.0
11204,1.0
11205,0.00030741096
11206,0.97234946
11207,5.9604645e-08
11208,0.8464322
11209,1.0
11210,0.99999464
11211,0.9999323
11212,0.9998597
11213,0.00030612946
11214,1.0579824e-05
11215,1.0
11216,0.0011614561
11217,1.0
11218,1.0
11219,0.0
11220,0.9998609
11221,0.0028010905
11222,0.94791234
11223,0.00074875355
11224,9.23872e-07
11225,0.0
11226,0.99999106
11227,1.1026859e-06
11228,0.9999729
11229,1.0579824e-05
11230,0.037792027
11231,0.0009140372
11232,0.9673575
11233,0.9868282
11234,0.048651606
11235,1.0
11236,0.0
11237,6.28531e-05
11238,0.99827635
11239,1.0
11240,4.4703484e-07
11241,0.0
11242,1.0
11243,0.92739093
11244,0.99711657
11245,4.87566e-05
11246,0.0
11247,4.1246414e-05
11248,0.999997
11249,0.9999994
11250,1.0
11251,0.0
11252,1.0
11253,0.9966239
11254,0.99998736
11255,1.1920929e-07
11256,1.0
11257,0.009038508
11258,1.1920929e-07
11259,0.9999778
11260,1.0
11261,0.0
11262,0.73487955
11263,0.99369156
11264,1.0
11265,0.9810289
11266,6.3329935e-05
11267,4.4703484e-07
11268,1.0
11269,0.45295274
11270,0.0028037727
11271,1.7881393e-07
11272,1.0
11273,0.99411964
11274,4.4465065e-05
11275,1.0
11276,0.0
11277,0.99998975
11278,0.99577653
11279,0.0
11280,0.055939853
11281,0.0030046403
11282,1.0
11283,1.0
11284,0.9999997
11285,0.6247101
11286,1.0
11287,0.08890739
11288,1.0
11289,0.7297731
11290,1.0
11291,0.9663799
11292,0.9971833
11293,0.9172623
11294,0.0
11295,0.0
11296,0.00069236755
11297,0.9999119
11298,0.0
11299,4.2021275e-05
11300,1.0
11301,0.9999764
11302,0.9999852
11303,0.98097456
11304,0.0
11305,0.080126196
11306,1.3589859e-05
11307,0.9999848
11308,0.61553186
11309,1.0
11310,0.97499526
11311,1.4901161e-07
11312,0.99978113
11313,0.00030952692
11314,1.0
11315,0.27972546
11316,0.9999955
11317,0.474939
11318,0.0
11319,0.9584718
11320,0.8972262
11321,1.0
11322,1.7881393e-07
11323,0.005014479
11324,0.042710662
11325,0.0710552
11326,0.0018346012
11327,1.0
11328,7.748604e-07
11329,0.99999815
11330,1.0
11331,0.9999568
11332,0.9999999
11333,1.0
11334,1.0
11335,0.0010167956
11336,1.0
11337,1.0
11338,1.0
11339,1.0
11340,0.9995347
11341,0.010074675
11342,0.9995054
11343,0.9977751
11344,0.0041723847
11345,0.96755856
11346,0.0
11347,0.0012098849
11348,0.97892684
11349,1.0
11350,0.57781017
11351,9.834766e-07
11352,1.6242266e-05
11353,0.99999493
11354,1.0
11355,8.434057e-05
11356,0.040055156
11357,0.43767613
11358,0.0
11359,0.00068312883
11360,0.9999492
11361,0.022540122
11362,0.99997735
11363,0.9993626
11364,1.3709068e-06
11365,2.9802322e-08
11366,1.1920929e-07
11367,0.9999978
11368,0.9999999
11369,0.0
11370,0.8984066
11371,0.0026718974
11372,1.0
11373,0.0
11374,0.73419744
11375,0.9789317
11376,1.4901161e-07
11377,0.0
11378,0.94898415
11379,0.9999994
11380,0.9682256
11381,0.99992764
11382,0.9784292
11383,0.00045132637
11384,0.99978685
11385,0.89311194
11386,3.874302e-07
11387,0.28271917
11388,0.96666443
11389,0.0014150441
11390,0.96355736
11391,0.0
11392,0.99413925
11393,1.0
11394,1.0
11395,0.0
11396,1.0
11397,0.999905
11398,0.0044033825
11399,0.0
11400,0.017914772
11401,0.9996791
11402,1.0
11403,0.010439664
11404,0.9920294
11405,1.0
11406,1.0
11407,1.0
11408,2.0861626e-07
11409,1.0
11410,0.9999998
11411,1.0
11412,0.0007905364
11413,0.30972126
11414,0.0665963
11415,0.29972535
11416,0.9992685
11417,1.0
11418,0.00010177493
11419,0.99999917
11420,6.380677e-05
11421,1.1920929e-07
11422,0.0
11423,1.0
11424,0.9999664
11425,0.0
11426,0.0
11427,1.1920929e-07
11428,1.0
11429,0.99999976
11430,1.0
11431,0.54546714
11432,1.0
11433,0.88185346
11434,0.99992317
11435,0.0055892766
11436,0.43100393
11437,0.99999154
11438,0.7806698
11439,0.01640591
11440,2.4437904e-06
11441,0.0020116866
11442,0.9999994
11443,0.9999909
11444,0.9057154
11445,0.0
11446,5.9604645e-08
11447,0.0
11448,0.0054625273
11449,1.0
11450,0.99999976
11451,9.23872e-07
11452,7.0035458e-06
11453,0.00047826767
11454,1.0
11455,0.99958515
11456,0.98598826
11457,0.0
11458,0.9999963
11459,0.3022617
11460,0.96612924
11461,0.00010108948
11462,0.99961615
11463,0.8909928
11464,0.028939098
11465,0.005123019
11466,0.85483336
11467,0.9996942
11468,0.0
11469,1.0
11470,7.149577e-05
11471,1.0
11472,0.87291855
11473,0.0007649362
11474,0.00012552738
11475,1.0
11476,0.0
11477,0.999999
11478,0.9940502
11479,9.030104e-06
11480,2.682209e-07
11481,0.0
11482,0.0
11483,1.0
11484,0.00056123734
11485,7.301569e-06
11486,0.00052922964
11487,0.99972624
11488,0.006349951
11489,0.0
11490,0.0
11491,0.0
11492,0.0060636103
11493,0.0
11494,0.0
11495,0.99995196
11496,1.0
11497,1.0
11498,1.0
11499,0.9999993
11500,1.0
11501,0.9999999
11502,0.9961618
11503,0.72729397
11504,2.861023e-06
11505,1.1831522e-05
11506,0.99966717
11507,1.4901161e-07
11508,1.0
11509,0.89924884
11510,0.99999934
11511,0.0
11512,4.887581e-06
11513,0.815583
11514,2.5331974e-06
11515,0.9946918
11516,0.08165127
11517,4.4703484e-07
11518,0.007187724
11519,7.969141e-05
11520,0.00029471517
11521,0.0
11522,0.00032022595
11523,0.008051574
11524,0.19630846
11525,0.16872534
11526,1.0
11527,0.0003207922
11528,0.9999965
11529,0.0
11530,0.08356479
11531,0.99999845
11532,6.777048e-05
11533,0.98927027
11534,0.0026088953
11535,1.013279e-06
11536,1.0
11537,0.8809253
11538,0.9953617
11539,0.9999966
11540,0.98884994
11541,1.0
11542,0.9957737
11543,1.0
11544,0.05082172
11545,0.00045460463
11546,1.0
11547,5.4478645e-05
11548,0.0
11549,1.0
11550,1.0
11551,8.136034e-06
11552,0.9997252
11553,0.7175236
11554,0.9999936
11555,1.0
11556,0.0
11557,0.13002783
11558,1.0
11559,0.0
11560,3.0100346e-05
11561,1.0
11562,1.0
11563,0.99989194
11564,8.672476e-06
11565,0.0031747818
11566,0.9701085
11567,0.99999976
11568,1.5199184e-06
11569,0.0
11570,0.9999776
11571,0.9999987
11572,1.0
11573,0.0
11574,0.012343466
11575,0.0
11576,1.0
11577,0.0
11578,0.97406745
11579,0.00019571185
11580,0.17730325
11581,0.99937177
11582,0.0
11583,0.0009543896
11584,0.9466405
11585,0.0
11586,0.96190774
11587,0.35012078
11588,0.0071810484
11589,1.0
11590,1.5199184e-06
11591,0.088936776
11592,0.008726597
11593,1.0
11594,0.9999997
11595,1.0
11596,1.0
11597,0.99996006
11598,1.1920929e-07
11599,0.0
11600,0.99620175
11601,1.0
11602,1.5109777e-05
11603,1.0
11604,2.0861626e-07
11605,0.070063144
11606,0.9995979
11607,1.0
11608,0.9995927
11609,0.0002219975
11610,0.97985816
11611,1.0
11612,0.99982214
11613,0.0
11614,0.9998327
11615,0.9999428
11616,0.99962234
11617,1.0
11618,0.27510828
11619,0.93494666
11620,1.0
11621,0.9999912
11622,0.0013539791
11623,1.0
11624,0.999933
11625,0.4060345
11626,0.99999964
11627,0.0
11628,7.212162e-05
11629,0.0
11630,0.99976385
11631,0.11460298
11632,0.00173226
11633,0.80127144
11634,1.0
11635,0.9999994
11636,1.0
11637,0.07719052
11638,0.99959075
11639,0.08742452
11640,0.0
11641,1.0
11642,1.0
11643,0.0
11644,1.0
11645,1.1920929e-07
11646,0.9815771
11647,0.0
11648,0.0
11649,0.99999875
11650,0.22777042
11651,0.0
11652,0.99910283
11653,6.0796738e-05
11654,0.9999596
11655,0.9485717
11656,0.99962926
11657,0.99999523
11658,0.0
11659,0.0
11660,0.0
11661,0.40174574
11662,2.5093555e-05
11663,0.00014266372
11664,0.4680201
11665,6.106496e-05
11666,0.86435395
11667,1.0
11668,0.57035315
11669,1.0
11670,1.0
11671,0.99999774
11672,0.001893729
11673,1.1652708e-05
11674,0.0026589036
11675,0.9999938
11676,0.0
11677,1.0
11678,0.9999978
11679,0.99983037
11680,1.0
11681,0.008998215
11682,0.8289786
11683,3.07858e-05
11684,0.9936585
11685,5.066395e-07
11686,0.0009646714
11687,0.00021359324
11688,1.6391277e-06
11689,1.0
11690,0.7179761
11691,0.004504651
11692,0.0
11693,0.559763
11694,0.7269304
11695,1.0
11696,0.99999994
11697,0.0
11698,2.682209e-07
11699,0.0
11700,1.0
11701,0.0
11702,9.834766e-07
11703,0.00016522408
11704,0.99994683
11705,1.0
11706,0.009170175
11707,0.999735
11708,0.0
11709,0.36390913
11710,0.9988421
11711,0.4244757
11712,0.8517137
11713,1.4394522e-05
11714,0.0
11715,0.99740326
11716,0.00039431453
11717,0.99997574
11718,2.0861626e-07
11719,0.9999552
11720,5.9604645e-08
11721,1.4483929e-05
11722,0.0
11723,1.0
11724,3.4183264e-05
11725,0.9999913
11726,1.0
11727,0.0
11728,2.0861626e-07
11729,1.0
11730,0.71155334
11731,1.0
11732,1.0
11733,2.6851892e-05
11734,1.0
11735,0.14929989
11736,0.62610716
11737,0.99993414
11738,0.9192537
11739,1.0
11740,0.0
11741,0.01042369
11742,0.99999726
11743,8.940697e-06
11744,1.0
11745,0.99998933
11746,8.940697e-08
11747,2.682209e-07
11748,8.940697e-06
11749,2.0861626e-05
11750,0.9861156
11751,4.1931868e-05
11752,0.99999994
11753,0.93094134
11754,0.0
11755,0.9999809
11756,1.0
11757,0.99999654
11758,8.523464e-06
11759,0.0
11760,0.017094374
11761,0.99999344
11762,0.0
11763,0.19611949
11764,1.0
11765,0.9999981
11766,2.1636486e-05
11767,0.34449643
11768,0.9972558
11769,0.0
11770,1.0
11771,1.0
11772,1.0
11773,1.04904175e-05
11774,0.0
11775,5.9604645e-08
11776,2.8043985e-05
11777,1.0
11778,0.99999905
11779,1.0
11780,5.096197e-06
11781,1.0
11782,1.0
11783,0.9995688
11784,0.0057126284
11785,0.9999995
11786,0.99013823
11787,0.20365092
11788,0.25110242
11789,0.99999994
11790,1.6659498e-05
11791,0.99892044
11792,0.99997187
11793,1.0162592e-05
11794,0.98947203
11795,0.99946195
11796,0.0008442402
11797,0.99999464
11798,0.9982579
11799,0.46402043
11800,0.99995995
11801,4.4703484e-07
11802,0.00030636787
11803,0.9994616
11804,0.9999999
11805,5.9604645e-08
11806,0.99998796
11807,1.1920929e-07
11808,0.99999994
11809,0.9978146
11810,0.83460116
11811,0.9999659
11812,0.0
11813,0.9999999
11814,2.9802322e-07
11815,0.0
11816,1.0
11817,2.6524067e-06
11818,0.0009343922
11819,0.99995434
11820,1.0
11821,0.0
11822,1.0
11823,1.0
11824,2.9802322e-08
11825,0.8897214
11826,0.9999973
11827,0.8616169
11828,0.99999034
11829,0.0
11830,0.0
11831,0.0
11832,0.99971056
11833,1.0
11834,0.0
11835,1.0
11836,0.8556179
11837,0.00011715293
11838,6.467104e-06
11839,1.0
11840,0.89929456
11841,0.00087314844
11842,0.9994558
11843,0.000736326
11844,1.0
11845,0.016375571
11846,7.4505806e-07
11847,0.0
11848,0.0008407831
11849,0.08675715
11850,1.0
11851,0.0
11852,0.9999999
11853,0.99987805
11854,0.37721458
11855,1.8030405e-05
11856,0.0
11857,0.33081686
11858,0.999915
11859,0.0010733306
11860,1.0
11861,0.95749366
11862,2.9802322e-08
11863,0.9976213
11864,0.036069483
11865,1.6093254e-06
11866,2.0861626e-07
11867,1.0
11868,0.9726716
11869,0.99968326
11870,0.11440486
11871,0.022387385
11872,0.06917399
11873,1.0
11874,1.0
11875,0.99999166
11876,0.0077723563
11877,0.99998915
11878,0.0
11879,3.5762787e-07
11880,0.6224368
11881,1.0
11882,0.80989146
11883,0.99999714
11884,0.99989194
11885,1.0
11886,8.821487e-06
11887,0.75726193
11888,0.0036536753
11889,0.99831176
11890,0.0029132068
11891,1.0
11892,0.0
11893,1.0
11894,1.0
11895,0.9994606
11896,0.065993726
11897,0.99999976
11898,5.185604e-06
11899,0.0
11900,0.0
11901,0.0
11902,0.020895094
11903,0.006505519
11904,0.27624157
11905,0.2125268
11906,1.1920929e-07
11907,2.592802e-06
11908,0.9985975
11909,0.0
11910,0.5160235
11911,0.92847556
11912,1.0
11913,0.9999999
11914,1.0
11915,1.4901161e-07
11916,8.940697e-08
11917,1.0
11918,0.99957526
11919,0.13064489
11920,1.0
11921,0.0
11922,1.4901161e-07
11923,0.98681724
11924,8.6426735e-07
11925,0.4781418
11926,0.08388883
11927,0.99994665
11928,0.00046226382
11929,0.9999993
11930,0.025573492
11931,1.0
11932,1.0
11933,0.9647049
11934,1.0
11935,0.0
11936,0.9996857
11937,1.0
11938,0.9981215
11939,1.0
11940,1.0
11941,0.99333453
11942,0.0
11943,1.6093254e-06
11944,0.999015
11945,2.7120113e-06
11946,0.9999839
11947,0.0
11948,0.9965189
11949,0.005980134
11950,0.0
11951,1.0
11952,3.5762787e-06
11953,0.0
11954,1.0
11955,0.9125526
11956,0.75959074
11957,0.00896284
11958,1.0
11959,0.96513593
11960,1.0
11961,0.018798292
11962,1.0
11963,3.874302e-07
11964,0.39627853
11965,0.3832898
11966,0.0
11967,5.066395e-07
11968,2.9802322e-08
11969,0.9995379
11970,0.051108092
11971,0.9999963
11972,0.7632473
11973,0.9972197
11974,0.0
11975,0.9999962
11976,0.9997319
11977,0.0
11978,0.93621534
11979,0.0
11980,0.86084414
11981,6.198883e-06
11982,0.99999845
11983,0.0
11984,1.0
11985,1.0
11986,0.9999999
11987,1.0
11988,0.09537363
11989,0.9952593
11990,0.0
11991,0.9911946
11992,0.9907917
11993,0.014163375
11994,0.926048
11995,8.940697e-08
11996,0.9999963
11997,0.0
11998,0.9967751
11999,0.0048552454
12000,5.9604645e-08
12001,0.95952463
12002,0.855042
12003,6.723404e-05
12004,1.0
12005,0.6961391
12006,1.4901161e-07
12007,0.0
12008,0.0
12009,0.6674741
12010,1.66893e-05
12011,0.000790596
12012,0.85441387
12013,5.298853e-05
12014,0.00012636185
12015,0.999998
12016,0.25217438
12017,0.9999782
12018,1.4603138e-06
12019,1.0
12020,0.00042819977
12021,0.04584962
12022,0.0
12023,0.0
12024,0.0
12025,0.0
12026,0.01271385
12027,1.9818544e-05
12028,4.249811e-05
12029,0.9989164
12030,0.9999798
12031,2.2739172e-05
12032,1.0
12033,0.0201976
12034,0.0
12035,1.0
12036,0.05848041
12037,1.0
12038,0.00036498904
12039,0.9847064
12040,0.0
12041,0.016614646
12042,1.0
12043,1.0
12044,0.55026853
12045,0.90454733
12046,1.0
12047,0.0003899336
12048,1.5795231e-06
12049,1.0
12050,2.2947788e-06
12051,1.0
12052,0.9903108
12053,0.99822116
12054,0.0019110739
12055,0.0
12056,0.97278595
12057,0.9800576
12058,3.5762787e-07
12059,0.9993485
12060,0.9968617
12061,0.9977139
12062,0.0016376376
12063,0.0016815066
12064,3.683567e-05
12065,1.0
12066,0.9999999
12067,4.8577785e-06
12068,0.57123584
12069,2.5302172e-05
12070,0.99999976
12071,0.99999535
12072,0.9914949
12073,0.0
12074,1.0
12075,1.0
12076,1.0
12077,0.9999886
12078,1.0
12079,0.9999162
12080,0.9999272
12081,0.9999999
12082,9.387732e-06
12083,0.010825068
12084,0.00044083595
12085,0.0
12086,0.61800784
12087,0.99999994
12088,1.0
12089,1.0
12090,0.9999999
12091,0.0
12092,0.99000907
12093,0.0
12094,1.0
12095,0.96140265
12096,0.7388573
12097,0.0
12098,1.0
12099,0.0
12100,0.0
12101,1.0
12102,0.0059865415
12103,0.0
12104,0.011837214
12105,0.0
12106,1.0
12107,0.99999714
12108,1.0
12109,1.0
12110,0.9999185
12111,0.110002965
12112,0.07492009
12113,0.0
12114,0.004064232
12115,0.0
12116,0.9995406
12117,1.0
12118,1.0967255e-05
12119,0.9995452
12120,0.98300886
12121,1.0
12122,1.1920929e-07
12123,1.0
12124,0.0
12125,0.0
12126,0.0034453273
12127,1.0
12128,0.0
12129,1.0
12130,0.0
12131,1.0
12132,0.9999999
12133,0.8474724
12134,0.0101364255
12135,1.0
12136,0.99922293
12137,8.156896e-05
12138,2.9802322e-07
12139,1.0
12140,1.0
12141,0.999987
12142,0.075341195
12143,0.9999952
12144,2.8312206e-06
12145,0.999998
12146,0.999902
12147,0.99876094
12148,5.1140785e-05
12149,1.0
12150,0.20414671
12151,0.4611669
12152,1.0
12153,0.00015345216
12154,5.9604645e-08
12155,0.0037470758
12156,0.006820321
12157,0.99999213
12158,0.98188406
12159,0.9998661
12160,0.5086319
12161,1.0
12162,0.00015047193
12163,0.057492495
12164,1.0
12165,0.0
12166,0.0
12167,0.61810887
12168,0.9978343
12169,0.9999997
12170,1.0
12171,4.053116e-06
12172,1.0
12173,1.0
12174,0.29124624
12175,0.0003029704
12176,1.0
12177,8.940697e-08
12178,0.42223135
12179,0.99983096
12180,0.0008588433
12181,0.5548328
12182,1.0
12183,0.20319378
12184,0.9999994
12185,0.08306828
12186,2.0861626e-07
12187,0.0
12188,0.99842405
12189,1.0
12190,1.5199184e-06
12191,3.170967e-05
12192,0.9999999
12193,0.0
12194,1.0
12195,1.0
12196,1.0
12197,0.0
12198,0.75211143
12199,1.0
12200,0.095027
12201,1.0
12202,0.02315563
12203,0.94995576
12204,0.00036779046
12205,0.03637153
12206,0.0
12207,0.55686784
12208,0.3089177
12209,1.0
12210,0.97166365
12211,0.3156917
12212,1.0
12213,1.0
12214,1.0
12215,0.0
12216,0.0
12217,0.0
12218,1.0
12219,0.0
12220,0.9999974
12221,0.9999999
12222,0.78816783
12223,0.80871457
12224,0.14305457
12225,0.8880522
12226,0.0005579591
12227,0.9967627
12228,0.99979687
12229,1.0
12230,0.9999972
12231,0.9983808
12232,2.9802322e-08
12233,1.1920929e-07
12234,0.9999901
12235,0.0003633499
12236,0.00489074
12237,1.0
12238,2.9802322e-08
12239,0.99993145
12240,1.0
12241,1.0
12242,1.0
12243,1.0
12244,0.9999826
12245,0.7605438
12246,0.00013270974
12247,0.99999994
12248,0.0
12249,0.0
12250,1.0
12251,1.0
12252,0.1357894
12253,0.0
12254,1.0
12255,0.000272125
12256,0.0006531477
12257,7.748604e-07
12258,0.9985043
12259,0.97066563
12260,2.9206276e-06
12261,0.99999845
12262,0.45052913
12263,0.27255604
12264,1.0
12265,0.0
12266,0.0041796267
12267,0.9926226
12268,0.00014960766
12269,1.0
12270,1.9937754e-05
12271,6.5863132e-06
12272,0.4535168
12273,0.99996907
12274,0.14017966
12275,0.0
12276,1.0
12277,0.93555653
12278,0.0
12279,0.9999994
12280,0.0
12281,0.0007433593
12282,0.9999987
12283,0.997748
12284,0.83331513
12285,0.0
12286,0.9999733
12287,0.9940884
12288,1.0
12289,1.0
12290,0.00038400292
12291,0.9996027
12292,0.99963164
12293,0.004614979
12294,1.0
12295,1.0
12296,0.9771372
12297,0.9999949
12298,0.154304
12299,0.0
12300,1.0
12301,0.0
12302,0.018079728
12303,1.0
12304,2.9802322e-07
12305,0.99999976
12306,3.5762787e-07
12307,1.0
12308,0.0
12309,1.0
12310,0.20219803
12311,1.0
12312,8.7827444e-05
12313,0.0030041635
12314,0.9999998
12315,5.930662e-06
12316,1.0
12317,0.0
12318,0.0
12319,0.96133876
12320,0.86198753
12321,1.0
12322,0.9308605
12323,2.682209e-07
12324,0.99599755
12325,0.88571644
12326,1.0
12327,0.320866
12328,0.06268239
12329,0.0
12330,0.0
12331,0.2461273
12332,0.0
12333,0.000761956
12334,0.0
12335,1.0
12336,1.0
12337,0.94545114
12338,0.21436375
12339,0.0
12340,0.9996751
12341,2.4139881e-05
12342,0.4387042
12343,0.9991665
12344,1.0
12345,0.0
12346,1.0
12347,0.010470718
12348,0.9993326
12349,1.0
12350,1.0
12351,1.0
12352,1.0
12353,0.00010243058
12354,0.00016063452
12355,1.0
12356,1.0
12357,3.516674e-06
12358,0.4286275
12359,1.0
12360,0.0
12361,0.9999996
12362,1.0
12363,0.9390053
12364,1.0
12365,1.0
12366,0.0
12367,3.8027763e-05
12368,1.0
12369,1.0
12370,0.00023189187
12371,0.0
12372,0.06358522
12373,0.48772624
12374,0.07328874
12375,0.9997355
12376,0.9999527
12377,0.0
12378,0.33866307
12379,0.0012124479
12380,1.0
12381,1.0
12382,1.0
12383,0.10844955
12384,0.34044716
12385,0.0
12386,1.0
12387,0.99999726
12388,1.0
12389,1.0
12390,1.0
12391,1.0
12392,0.4587593
12393,1.0
12394,0.0
12395,0.45620614
12396,0.14885262
12397,0.99998945
12398,1.92523e-05
12399,0.9830859
12400,0.98452723
12401,0.99759364
12402,1.0
12403,0.04505822
12404,1.0
12405,1.0
12406,0.9932781
12407,1.0
12408,0.9999585
12409,9.834766e-07
12410,1.0
12411,0.0046521127
12412,1.5318394e-05
12413,8.940697e-08
12414,0.0
12415,3.2782555e-07
12416,1.0
12417,4.4703484e-07
12418,0.017069817
12419,0.0
12420,1.0
12421,0.0
12422,0.43168503
12423,1.0
12424,0.09163588
12425,0.99250317
12426,1.3947487e-05
12427,5.9604645e-08
12428,0.9999996
12429,1.0
12430,0.774608
12431,0.9998036
12432,1.0
12433,1.0
12434,6.875396e-05
12435,0.00015461445
12436,0.999998
12437,1.0
12438,0.99511606
12439,0.026750505
12440,0.9982038
12441,0.0029390454
12442,0.9979414
12443,0.39071262
12444,1.0
12445,0.0
12446,1.0
12447,2.3841858e-07
12448,1.0
12449,0.9957105
12450,1.0
12451,0.9999906
12452,0.99257135
12453,0.0
12454,1.0
12455,0.9896764
12456,1.0
12457,1.0
12458,1.0
12459,9.536743e-07
12460,0.92709064
12461,0.32759523
12462,0.022133023
12463,0.96165335
12464,1.0
12465,0.9999995
12466,0.9993996
12467,0.99924135
12468,0.00036871433
12469,0.86529255
12470,0.4699915
12471,0.9967078
12472,1.0
12473,0.0
12474,0.0017210841
12475,0.64927983
12476,0.99942404
12477,0.0
12478,1.7881393e-07
12479,0.0
12480,0.0
12481,1.0
12482,0.99990964
12483,1.0
12484,0.0
12485,0.8429849
12486,2.3841858e-07
12487,0.9381271
12488,0.00022599101
12489,0.7694223
12490,0.9979857
12491,1.0
12492,1.0
12493,0.99987406
12494,1.0
12495,1.7881393e-07
12496,0.9994654
12497,0.0023633703
12498,1.0
12499,0.99997437
12500,0.8196014
